"Winner","Race","Loser","Race","Map","Date","Prize","Double Chance","","","","","","","","","","","","","","","","","","",""
"이영호","T","도재욱","P","Fighting Spirit","2019-05-14","￦100,000","￦0","","","","","","","","","","","","","","","","","","",""
"이영호","T","도재욱","P","Circuit Breakers","2019-05-14","￦100,000","￦0","","","","","","","","","","","","","","","","","","",""
"이영호","T","도재욱","P","Neo Medusa","2019-05-14","￦100,000","￦0","","","","","","","","","","","","","","","","","","",""
"이영호","T","도재욱","P","Colosseum 2","2019-05-14","￦100,000","￦0","","","","","","","","","","","","","","","","","","",""
"도재욱","P","이영호","T","Neo Ground Zero","2019-05-14","￦100,000","￦0","","","","","","","","","","","","","","","","","","",""
"도재욱","P","이영호","T","Overwatch","2019-05-14","￦100,000","￦0","","","","","","","","","","","","","","","","","","",""
"이영호","T","도재욱","P","Cross Game","2019-05-14","￦100,000","￦0","","","","","","","","","","","","","","","","","","",""
"이영호","T","도재욱","P","Fighting Spirit","2019-05-14","￦100,000","￦0","","","","","","","","","","","","","","","","","","",""
"이영호","T","도재욱","P","Circuit Breakers","2019-05-14","￦100,000","￦0","","","","","","","","","","","","","","","","","","",""
"김민철","Z","이영호","T","Neo Medusa","2019-05-21","￦100,000","￦0","","","","","","","","","","","","","","","","","","",""
"김민철","Z","이영호","T","Fighting Spirit","2019-05-21","￦100,000","￦0","","","","","","","","","","","","","","","","","","",""
"김민철","Z","이영호","T","Overwatch","2019-05-21","￦100,000","￦0","","","","","","","","","","","","","","","","","","",""
"이영호","T","김민철","Z","Circuit Breakers","2019-05-21","￦100,000","￦0","","","","","","","","","","","","","","","","","","",""
"이영호","T","김민철","Z","Colosseum 2","2019-05-21","￦100,000","￦0","","","","","","","","","","","","","","","","","","",""
"이영호","T","김민철","Z","Cross Game","2019-05-21","￦100,000","￦0","","","","","","","","","","","","","","","","","","",""
"이영호","T","김민철","Z","Neo Ground Zero","2019-05-21","￦100,000","￦0","","","","","","","","","","","","","","","","","","",""
"이영호","T","김민철","Z","Neo Medusa","2019-05-21","￦100,000","￦0","","","","","","","","","","","","","","","","","","",""
"이영호","T","김민철","Z","Overwatch","2019-05-21","￦100,000","￦0","","","","","","","","","","","","","","","","","","",""
"이영호","T","변현제","P","Colosseum 2","2019-05-28","￦100,000","￦0","","","","","","","","","","","","","","","","","","",""
"이영호","T","변현제","P","Cross Game","2019-05-28","￦100,000","￦0","","","","","","","","","","","","","","","","","","",""
"이영호","T","변현제","P","Circuit Breakers","2019-05-28","￦100,000","￦0","","","","","","","","","","","","","","","","","","",""
"변현제","P","이영호","T","Overwatch","2019-05-28","￦100,000","￦0","","","","","","","","","","","","","","","","","","",""
"이영호","T","변현제","P","Neo Ground Zero","2019-05-28","￦100,000","￦0","","","","","","","","","","","","","","","","","","",""
"이영호","T","변현제","P","Fighting Spirit","2019-05-28","￦100,000","￦0","","","","","","","","","","","","","","","","","","",""
"변현제","P","이영호","T","Neo Medusa","2019-05-28","￦100,000","￦0","","","","","","","","","","","","","","","","","","",""
"이영호","T","변현제","P","Circuit Breakers","2019-05-28","￦100,000","￦0","","","","","","","","","","","","","","","","","","",""
"변현제","P","이영호","T","Neo Medusa","2019-05-28","￦100,000","￦0","","","","","","","","","","","","","","","","","","",""
"김명운","Z","이영호","T","Neo Ground Zero","2019-06-09","￦100,000","￦0","","","","","","","","","","","","","","","","","","",""
"김명운","Z","이영호","T","Fighting Spirit","2019-06-09","￦100,000","￦0","","","","","","","","","","","","","","","","","","",""
"이영호","T","김명운","Z","Circuit Breakers","2019-06-09","￦100,000","￦0","","","","","","","","","","","","","","","","","","",""
"김명운","Z","이영호","T","Neo Medusa","2019-06-09","￦100,000","￦0","","","","","","","","","","","","","","","","","","",""
"이영호","T","김명운","Z","Overwatch","2019-06-09","￦100,000","￦0","","","","","","","","","","","","","","","","","","",""
"이영호","T","김명운","Z","Colosseum 2","2019-06-09","￦100,000","￦0","","","","","","","","","","","","","","","","","","",""
"김명운","Z","이영호","T","Cross Game","2019-06-09","￦100,000","￦0","","","","","","","","","","","","","","","","","","",""
"이영호","T","김명운","Z","Fighting Spirit","2019-06-09","￦100,000","￦0","","","","","","","","","","","","","","","","","","",""
"이영호","T","김명운","Z","Neo Medusa","2019-06-09","￦100,000","￦0","","","","","","","","","","","","","","","","","","",""
"장윤철","P","김성현","T","Overwatch","2019-06-11","￦100,000","￦0","","","","","","","","","","","","","","","","","","",""
"장윤철","P","김성현","T","Circuit Breakers","2019-06-11","￦100,000","￦0","","","","","","","","","","","","","","","","","","",""
"장윤철","P","김성현","T","Fighting Spirit","2019-06-11","￦100,000","￦0","","","","","","","","","","","","","","","","","","",""
"장윤철","P","김성현","T","Colosseum 2","2019-06-11","￦100,000","￦0","","","","","","","","","","","","","","","","","","",""
"장윤철","P","김성현","T","Cross Game","2019-06-11","￦100,000","￦0","","","","","","","","","","","","","","","","","","",""
"김성현","T","장윤철","P","Neo Medusa","2019-06-11","￦100,000","￦0","","","","","","","","","","","","","","","","","","",""
"김성현","T","장윤철","P","Neo Ground Zero","2019-06-11","￦100,000","￦0","","","","","","","","","","","","","","","","","","",""
"장윤철","P","김성현","T","Overwatch","2019-06-11","￦100,000","￦0","","","","","","","","","","","","","","","","","","",""
"김성현","T","장윤철","P","Circuit Breakers","2019-06-11","￦100,000","￦0","","","","","","","","","","","","","","","","","","",""
"임홍규","Z","장윤철","P","Cross Game","2019-06-18","￦100,000","￦0","","","","","","","","","","","","","","","","","","",""
"임홍규","Z","장윤철","P","Fighting Spirit","2019-06-18","￦100,000","￦0","","","","","","","","","","","","","","","","","","",""
"장윤철","P","임홍규","Z","Overwatch","2019-06-18","￦100,000","￦0","","","","","","","","","","","","","","","","","","",""
"임홍규","Z","장윤철","P","Neo Ground Zero","2019-06-18","￦100,000","￦0","","","","","","","","","","","","","","","","","","",""
"임홍규","Z","장윤철","P","Neo Medusa","2019-06-18","￦100,000","￦0","","","","","","","","","","","","","","","","","","",""
"임홍규","Z","장윤철","P","Circuit Breakers","2019-06-18","￦100,000","￦0","","","","","","","","","","","","","","","","","","",""
"장윤철","P","임홍규","Z","Colosseum 2","2019-06-18","￦100,000","￦0","","","","","","","","","","","","","","","","","","",""
"장윤철","P","임홍규","Z","Neo Ground Zero","2019-06-18","￦100,000","￦0","","","","","","","","","","","","","","","","","","",""
"장윤철","P","임홍규","Z","Circuit Breakers","2019-06-18","￦100,000","￦0","","","","","","","","","","","","","","","","","","",""
"임홍규","Z","송병구","P","Circuit Breakers","2019-06-25","￦100,000","￦0","","","","","","","","","","","","","","","","","","",""
"임홍규","Z","송병구","P","Fighting Spirit","2019-06-25","￦100,000","￦0","","","","","","","","","","","","","","","","","","",""
"송병구","P","임홍규","Z","Overwatch","2019-06-25","￦100,000","￦0","","","","","","","","","","","","","","","","","","",""
"임홍규","Z","송병구","P","Neo Ground Zero","2019-06-25","￦100,000","￦0","","","","","","","","","","","","","","","","","","",""
"임홍규","Z","송병구","P","Colosseum 2","2019-06-25","￦100,000","￦0","","","","","","","","","","","","","","","","","","",""
"송병구","P","임홍규","Z","Neo Medusa","2019-06-25","￦100,000","￦0","","","","","","","","","","","","","","","","","","",""
"송병구","P","임홍규","Z","Cross Game","2019-06-25","￦100,000","￦0","","","","","","","","","","","","","","","","","","",""
"임홍규","Z","송병구","P","Circuit Breakers","2019-06-25","￦100,000","￦0","","","","","","","","","","","","","","","","","","",""
"송병구","P","임홍규","Z","Cross Game","2019-06-25","￦100,000","￦0","","","","","","","","","","","","","","","","","","",""
"임홍규","Z","조기석","T","Fighting Spirit","2019-07-22","￦100,000","￦0","","","","","","","","","","","","","","","","","","",""
"조기석","T","임홍규","Z","Block Chain SE","2019-07-22","￦100,000","￦0","","","","","","","","","","","","","","","","","","",""
"조기석","T","임홍규","Z","Power Bond","2019-07-22","￦100,000","￦0","","","","","","","","","","","","","","","","","","",""
"임홍규","Z","조기석","T","Overwatch","2019-07-22","￦100,000","￦0","","","","","","","","","","","","","","","","","","",""
"조기석","T","임홍규","Z","Gladiator","2019-07-22","￦100,000","￦0","","","","","","","","","","","","","","","","","","",""
"임홍규","Z","조기석","T","New Bloody Ridge","2019-07-22","￦100,000","￦0","","","","","","","","","","","","","","","","","","",""
"임홍규","Z","조기석","T","Tres Pass","2019-07-22","￦100,000","￦0","","","","","","","","","","","","","","","","","","",""
"조기석","T","임홍규","Z","Neo Sylphid","2019-07-22","￦100,000","￦0","","","","","","","","","","","","","","","","","","",""
"임홍규","Z","조기석","T","Circuit Breakers","2019-07-22","￦100,000","￦0","","","","","","","","","","","","","","","","","","",""
"이재호","T","임홍규","Z","New Bloody Ridge","2019-07-29","￦100,000","￦0","","","","","","","","","","","","","","","","","","",""
"임홍규","Z","이재호","T","Neo sylphid","2019-07-29","￦100,000","￦0","","","","","","","","","","","","","","","","","","",""
"이재호","T","임홍규","Z","Overwatch","2019-07-29","￦100,000","￦0","","","","","","","","","","","","","","","","","","",""
"이재호","T","임홍규","Z","Block Chain SE","2019-07-29","￦100,000","￦0","","","","","","","","","","","","","","","","","","",""
"이재호","T","임홍규","Z","Power Bond","2019-07-29","￦100,000","￦0","","","","","","","","","","","","","","","","","","",""
"임홍규","Z","이재호","T","Circuit Breakers","2019-07-29","￦100,000","￦0","","","","","","","","","","","","","","","","","","",""
"임홍규","Z","이재호","T","Gladiator","2019-07-29","￦100,000","￦0","","","","","","","","","","","","","","","","","","",""
"이재호","T","임홍규","Z","Tres Pass","2019-07-29","￦100,000","￦0","","","","","","","","","","","","","","","","","","",""
"이재호","T","임홍규","Z","Fighting Spirit","2019-07-29","￦100,000","￦0","","","","","","","","","","","","","","","","","","",""
"김승현","P","김윤환","Z","","2019-08-02","₩100,000","₩0","","","","","","","","","","","","","","","","","","",""
"김승현","P","김윤환","Z","","2019-08-02","₩100,000","₩0","","","","","","","","","","","","","","","","","","",""
"김승현","P","김윤환","Z","","2019-08-02","₩100,000","₩0","","","","","","","","","","","","","","","","","","",""
"김승현","P","김윤환","Z","","2019-08-02","₩100,000","₩0","","","","","","","","","","","","","","","","","","",""
"김승현","P","김윤환","Z","","2019-08-02","₩100,000","₩0","","","","","","","","","","","","","","","","","","",""
"김윤환","Z","김승현","P","","2019-08-02","₩100,000","₩0","","","","","","","","","","","","","","","","","","",""
"김윤환","Z","김승현","P","","2019-08-02","₩100,000","₩0","","","","","","","","","","","","","","","","","","",""
"김윤환","Z","김승현","P","","2019-08-02","₩100,000","₩0","","","","","","","","","","","","","","","","","","",""
"김윤환","Z","김승현","P","","2019-08-02","₩100,000","₩0","","","","","","","","","","","","","","","","","","",""
"도재욱","P","이재호","T","Power Bond","2019-08-05","￦100,000","￦0","","","","","","","","","","","","","","","","","","",""
"이재호","T","도재욱","P","Fighting Spirit","2019-08-05","￦100,000","￦0","","","","","","","","","","","","","","","","","","",""
"도재욱","P","이재호","T","Overwatch","2019-08-05","￦100,000","￦0","","","","","","","","","","","","","","","","","","",""
"이재호","T","도재욱","P","Block Chain SE","2019-08-05","￦100,000","￦0","","","","","","","","","","","","","","","","","","",""
"이재호","T","도재욱","P","New Bloody Ridge","2019-08-05","￦100,000","￦0","","","","","","","","","","","","","","","","","","",""
"도재욱","P","이재호","T","Gladiator","2019-08-05","￦100,000","￦0","","","","","","","","","","","","","","","","","","",""
"이재호","T","도재욱","P","Circuit Breakers","2019-08-05","￦100,000","￦0","","","","","","","","","","","","","","","","","","",""
"이재호","T","도재욱","P","Neo Sylphid","2019-08-05","￦100,000","￦0","","","","","","","","","","","","","","","","","","",""
"이재호","T","도재욱","P","Tres Pass","2019-08-05","￦100,000","￦0","","","","","","","","","","","","","","","","","","",""
"김성대","Z","이재호","T","Tres Pass","2019-09-08","￦100,000","￦0","","","","","","","","","","","","","","","","","","",""
"김성대","Z","이재호","T","Overwatch","2019-09-08","￦100,000","￦0","","","","","","","","","","","","","","","","","","",""
"김성대","Z","이재호","T","New Bloody Ridge","2019-09-08","￦100,000","￦0","","","","","","","","","","","","","","","","","","",""
"이재호","T","김성대","Z","Fighting Spirit","2019-09-08","￦100,000","￦0","","","","","","","","","","","","","","","","","","",""
"이재호","T","김성대","Z","Neo Sylphid","2019-09-08","￦100,000","￦0","","","","","","","","","","","","","","","","","","",""
"이재호","T","김성대","Z","Gladiator","2019-09-08","￦100,000","￦0","","","","","","","","","","","","","","","","","","",""
"이재호","T","김성대","Z","Block Chain SE","2019-09-08","￦100,000","￦0","","","","","","","","","","","","","","","","","","",""
"이재호","T","김성대","Z","Circuit Breakers","2019-09-08","￦100,000","￦0","","","","","","","","","","","","","","","","","","",""
"이재호","T","김성대","Z","Power Bond","2019-09-08","￦100,000","￦0","","","","","","","","","","","","","","","","","","",""
"이재호","T","송병구","P","Neo Sylphid","2019-09-17","￦100,000","￦0","","","","","","","","","","","","","","","","","","",""
"이재호","T","송병구","P","Power Bond","2019-09-17","￦100,000","￦0","","","","","","","","","","","","","","","","","","",""
"송병구","P","이재호","T","Overwatch","2019-09-17","￦100,000","￦0","","","","","","","","","","","","","","","","","","",""
"송병구","P","이재호","T","Circuit Breakers","2019-09-17","￦100,000","￦0","","","","","","","","","","","","","","","","","","",""
"송병구","P","이재호","T","Fighting Spirit","2019-09-17","￦100,000","￦0","","","","","","","","","","","","","","","","","","",""
"이재호","T","송병구","P","Block Chain SE","2019-09-17","￦100,000","￦0","","","","","","","","","","","","","","","","","","",""
"송병구","P","이재호","T","New Bloody Ridge","2019-09-17","￦100,000","￦0","","","","","","","","","","","","","","","","","","",""
"이재호","T","송병구","P","Gladiator","2019-09-17","￦100,000","￦0","","","","","","","","","","","","","","","","","","",""
"이재호","T","송병구","P","Tres Pass","2019-09-17","￦100,000","￦0","","","","","","","","","","","","","","","","","","",""
"박상현","Z","이재호","T","Neo Sylphid","2019-09-22","￦100,000","￦0","","","","","","","","","","","","","","","","","","",""
"박상현","Z","이재호","T","Fighting Spirit","2019-09-22","￦100,000","￦0","","","","","","","","","","","","","","","","","","",""
"이재호","T","박상현","Z","Circuit Breakers","2019-09-22","￦100,000","￦0","","","","","","","","","","","","","","","","","","",""
"박상현","Z","이재호","T","Gladiator","2019-09-22","￦100,000","￦0","","","","","","","","","","","","","","","","","","",""
"이재호","T","박상현","Z","Power Bond","2019-09-22","￦100,000","￦0","","","","","","","","","","","","","","","","","","",""
"박상현","Z","이재호","T","Block Chain SE","2019-09-22","￦100,000","￦0","","","","","","","","","","","","","","","","","","",""
"이재호","T","박상현","Z","Overwatch","2019-09-22","￦100,000","￦0","","","","","","","","","","","","","","","","","","",""
"박상현","Z","이재호","T","Tres Pass","2019-09-22","￦100,000","￦0","","","","","","","","","","","","","","","","","","",""
"이재호","T","박상현","Z","New Bloody Ridge","2019-09-22","￦100,000","￦0","","","","","","","","","","","","","","","","","","",""
"박상현","Z","장윤철","P","Overwatch","2019-09-24","￦100,000","￦0","","","","","","","","","","","","","","","","","","",""
"장윤철","P","박상현","Z","Block Chain SE","2019-09-24","￦100,000","￦0","","","","","","","","","","","","","","","","","","",""
"박상현","Z","장윤철","P","Neo Sylphid","2019-09-24","￦100,000","￦0","","","","","","","","","","","","","","","","","","",""
"장윤철","P","박상현","Z","Fighting Spirit","2019-09-24","￦100,000","￦0","","","","","","","","","","","","","","","","","","",""
"박상현","Z","장윤철","P","Circuit Breakers","2019-09-24","￦100,000","￦0","","","","","","","","","","","","","","","","","","",""
"장윤철","P","박상현","Z","Gladiator","2019-09-24","￦100,000","￦0","","","","","","","","","","","","","","","","","","",""
"장윤철","P","박상현","Z","Tres Pass","2019-09-24","￦100,000","￦0","","","","","","","","","","","","","","","","","","",""
"장윤철","P","박상현","Z","New Bloody Ridge","2019-09-24","￦100,000","￦0","","","","","","","","","","","","","","","","","","",""
"박상현","Z","장윤철","P","Power Bond","2019-09-24","￦100,000","￦0","","","","","","","","","","","","","","","","","","",""
"유영진","T","장윤철","P","Circuit Breakers","2019-10-02","￦100,000","￦0","","","","","","","","","","","","","","","","","","",""
"장윤철","P","유영진","T","Overwatch","2019-10-02","￦100,000","￦0","","","","","","","","","","","","","","","","","","",""
"장윤철","P","유영진","T","Power Bond","2019-10-02","￦100,000","￦0","","","","","","","","","","","","","","","","","","",""
"장윤철","P","유영진","T","Neo Sylphid","2019-10-02","￦100,000","￦0","","","","","","","","","","","","","","","","","","",""
"장윤철","P","유영진","T","Fighting Spirit","2019-10-02","￦100,000","￦0","","","","","","","","","","","","","","","","","","",""
"장윤철","P","유영진","T","Tres Pass","2019-10-02","￦100,000","￦0","","","","","","","","","","","","","","","","","","",""
"장윤철","P","유영진","T","Gladiator","2019-10-02","￦100,000","￦0","","","","","","","","","","","","","","","","","","",""
"유영진","T","장윤철","P","Block Chain SE","2019-10-02","￦100,000","￦0","","","","","","","","","","","","","","","","","","",""
"유영진","T","장윤철","P","New Bloody Ridge","2019-10-02","￦100,000","￦0","","","","","","","","","","","","","","","","","","",""
"김윤환","Z","이경민","T","","2019-10-07","₩100,000","₩0","","","","","","","","","","","","","","","","","","",""
"김윤환","Z","이경민","T","","2019-10-07","₩100,000","₩0","","","","","","","","","","","","","","","","","","",""
"김윤환","Z","이경민","T","","2019-10-07","₩100,000","₩0","","","","","","","","","","","","","","","","","","",""
"김윤환","Z","이경민","T","","2019-10-07","₩100,000","₩0","","","","","","","","","","","","","","","","","","",""
"김윤환","Z","이경민","T","","2019-10-07","₩100,000","₩0","","","","","","","","","","","","","","","","","","",""
"김윤환","Z","이경민","T","","2019-10-07","₩100,000","₩0","","","","","","","","","","","","","","","","","","",""
"김윤환","Z","이경민","T","","2019-10-07","₩100,000","₩0","","","","","","","","","","","","","","","","","","",""
"이경민","T","김윤환","Z","","2019-10-07","₩100,000","₩0","","","","","","","","","","","","","","","","","","",""
"이경민","T","김윤환","Z","","2019-10-07","₩100,000","₩0","","","","","","","","","","","","","","","","","","",""
"김명운","Z","장윤철","P","Circuit Breakers","2019-10-09","￦100,000","￦0","","","","","","","","","","","","","","","","","","",""
"김명운","Z","장윤철","P","Overwatch","2019-10-09","￦100,000","￦0","","","","","","","","","","","","","","","","","","",""
"김명운","Z","장윤철","P","Block Chain SE","2019-10-09","￦100,000","￦0","","","","","","","","","","","","","","","","","","",""
"장윤철","P","김명운","Z","Gladiator","2019-10-09","￦100,000","￦0","","","","","","","","","","","","","","","","","","",""
"김명운","Z","장윤철","P","Neo Sylphid","2019-10-09","￦100,000","￦0","","","","","","","","","","","","","","","","","","",""
"김명운","Z","장윤철","P","New Bloody Ridge","2019-10-09","￦100,000","￦0","","","","","","","","","","","","","","","","","","",""
"장윤철","P","김명운","Z","Tres Pass","2019-10-09","￦100,000","￦0","","","","","","","","","","","","","","","","","","",""
"김명운","Z","장윤철","P","Power Bond","2019-10-09","￦100,000","￦0","","","","","","","","","","","","","","","","","","",""
"김명운","Z","장윤철","P","Fighting Spirit","2019-10-09","￦100,000","￦0","","","","","","","","","","","","","","","","","","",""
"변현제","P","김명운","Z","Block Chain SE","2019-10-16","￦100,000","￦0","","","","","","","","","","","","","","","","","","",""
"김명운","Z","변현제","P","Circuit Breakers","2019-10-16","￦100,000","￦0","","","","","","","","","","","","","","","","","","",""
"김명운","Z","변현제","P","Overwatch","2019-10-16","￦100,000","￦0","","","","","","","","","","","","","","","","","","",""
"김명운","Z","변현제","P","Neo Sylphid","2019-10-16","￦100,000","￦0","","","","","","","","","","","","","","","","","","",""
"변현제","P","김명운","Z","Gladiator","2019-10-16","￦100,000","￦0","","","","","","","","","","","","","","","","","","",""
"김명운","Z","변현제","P","New Bloody Ridge","2019-10-16","￦100,000","￦0","","","","","","","","","","","","","","","","","","",""
"김명운","Z","변현제","P","Fighting Spirit","2019-10-16","￦100,000","￦0","","","","","","","","","","","","","","","","","","",""
"김명운","Z","변현제","P","Tres Pass","2019-10-16","￦100,000","￦0","","","","","","","","","","","","","","","","","","",""
"변현제","P","김명운","Z","Power Bond","2019-10-16","￦100,000","￦0","","","","","","","","","","","","","","","","","","",""
"조기석","T","김명운","Z","New Heartbreak Ridge","2019-12-12","￦100,000","￦0","","","","","","","","","","","","","","","","","","",""
"김명운","Z","조기석","T","Neo Sylphid","2019-12-12","￦100,000","￦0","","","","","","","","","","","","","","","","","","",""
"조기석","T","김명운","Z","Circuit Breakers","2019-12-12","￦100,000","￦0","","","","","","","","","","","","","","","","","","",""
"조기석","T","김명운","Z","Whiteout","2019-12-12","￦100,000","￦0","","","","","","","","","","","","","","","","","","",""
"김명운","Z","조기석","T","La Mancha","2019-12-12","￦100,000","￦0","","","","","","","","","","","","","","","","","","",""
"김명운","Z","조기석","T","Eye of the Storm","2019-12-12","￦100,000","￦0","","","","","","","","","","","","","","","","","","",""
"김명운","Z","조기석","T","Fighting Spirit","2019-12-12","￦100,000","￦0","","","","","","","","","","","","","","","","","","",""
"김명운","Z","조기석","T","Overwatch","2019-12-12","￦100,000","￦0","","","","","","","","","","","","","","","","","","",""
"김명운","Z","조기석","T","Gladiator","2019-12-12","￦100,000","￦0","","","","","","","","","","","","","","","","","","",""
"김택용","P","김명운","Z","Fighting Spirit","2019-12-20","￦100,000","￦0","","","","","","","","","","","","","","","","","","",""
"김택용","P","김명운","Z","Destination","2019-12-20","￦100,000","￦0","","","","","","","","","","","","","","","","","","",""
"김택용","P","김명운","Z","Neo Sylphid","2019-12-20","￦100,000","￦0","","","","","","","","","","","","","","","","","","",""
"김명운","Z","김택용","P","Circuit Breakers","2019-12-20","￦100,000","￦0","","","","","","","","","","","","","","","","","","",""
"김명운","Z","김택용","P","Overwatch","2019-12-20","￦100,000","￦0","","","","","","","","","","","","","","","","","","",""
"김택용","P","김명운","Z","Eye of the Storm","2019-12-20","￦100,000","￦0","","","","","","","","","","","","","","","","","","",""
"김택용","P","김명운","Z","La Mancha","2019-12-20","￦100,000","￦0","","","","","","","","","","","","","","","","","","",""
"김명운","Z","김택용","P","Whiteout","2019-12-20","￦100,000","￦0","","","","","","","","","","","","","","","","","","",""
"김택용","P","김명운","Z","Gladiator","2019-12-20","￦100,000","￦0","","","","","","","","","","","","","","","","","","",""
"김택용","P","이재호","T","New Heartbreak Ridge","2019-12-25","￦100,000","￦0","","","","","","","","","","","","","","","","","","",""
"이재호","T","김택용","P","Fighting Spirit","2019-12-25","￦100,000","￦0","","","","","","","","","","","","","","","","","","",""
"이재호","T","김택용","P","Gladiator","2019-12-25","￦100,000","￦0","","","","","","","","","","","","","","","","","","",""
"이재호","T","김택용","P","Overwatch","2019-12-25","￦100,000","￦0","","","","","","","","","","","","","","","","","","",""
"이재호","T","김택용","P","La Mancha","2019-12-25","￦100,000","￦0","","","","","","","","","","","","","","","","","","",""
"이재호","T","김택용","P","Circuit Breakers","2019-12-25","￦100,000","￦0","","","","","","","","","","","","","","","","","","",""
"김택용","P","이재호","T","Neo Sylphid","2019-12-25","￦100,000","￦0","","","","","","","","","","","","","","","","","","",""
"김택용","P","이재호","T","Destination","2019-12-25","￦100,000","￦0","","","","","","","","","","","","","","","","","","",""
"이재호","T","김택용","P","Whiteout","2019-12-25","￦100,000","￦0","","","","","","","","","","","","","","","","","","",""
"이재호","T","임홍규","Z","Overwatch","2020-01-02","￦100,000","￦100,000","","","","","","","","","","","","","","","","","","",""
"임홍규","Z","이재호","T","New Heartbreak Ridge","2020-01-02","￦100,000","￦0","","","","","","","","","","","","","","","","","","",""
"이재호","T","임홍규","Z","Destination","2020-01-02","￦100,000","￦0","","","","","","","","","","","","","","","","","","",""
"임홍규","Z","이재호","T","Whiteout","2020-01-02","￦100,000","￦0","","","","","","","","","","","","","","","","","","",""
"이재호","T","임홍규","Z","Eye of the Storm","2020-01-02","￦100,000","￦0","","","","","","","","","","","","","","","","","","",""
"임홍규","Z","이재호","T","La Mancha","2020-01-02","￦100,000","￦0","","","","","","","","","","","","","","","","","","",""
"임홍규","Z","이재호","T","Fighting Spirit","2020-01-02","￦100,000","￦0","","","","","","","","","","","","","","","","","","",""
"임홍규","Z","이재호","T","Neo Sylphid","2020-01-02","￦100,000","￦0","","","","","","","","","","","","","","","","","","",""
"이재호","T","임홍규","Z","Circuit Breakers","2020-01-02","￦100,000","￦0","","","","","","","","","","","","","","","","","","",""
"도재욱","P","임홍규","Z","Overwatch","2020-01-06","￦100,000","￦0","","","","","","","","","","","","","","","","","","",""
"도재욱","P","임홍규","Z","Destination","2020-01-06","￦100,000","￦0","","","","","","","","","","","","","","","","","","",""
"임홍규","Z","도재욱","P","New Heartbreak Ridge","2020-01-06","￦100,000","￦0","","","","","","","","","","","","","","","","","","",""
"도재욱","P","임홍규","Z","Eye of the Storm","2020-01-06","￦100,000","￦100,000","","","","","","","","","","","","","","","","","","",""
"임홍규","Z","도재욱","P","Whiteout","2020-01-06","￦100,000","￦0","","","","","","","","","","","","","","","","","","",""
"임홍규","Z","도재욱","P","La Mancha","2020-01-06","￦100,000","￦0","","","","","","","","","","","","","","","","","","",""
"도재욱","P","임홍규","Z","Fighting Spirit","2020-01-06","￦100,000","￦0","","","","","","","","","","","","","","","","","","",""
"도재욱","P","임홍규","Z","Neo Sylphid","2020-01-06","￦100,000","￦0","","","","","","","","","","","","","","","","","","",""
"도재욱","P","임홍규","Z","Circuit Breakers","2020-01-06","￦100,000","￦100,000","","","","","","","","","","","","","","","","","","",""
"도재욱","P","박상현","Z","Circuit Breakers","2020-01-13","￦100,000","￦0","","","","","","","","","","","","","","","","","","",""
"도재욱","P","박상현","Z","Destination","2020-01-13","￦100,000","￦100,000","","","","","","","","","","","","","","","","","","",""
"박상현","Z","도재욱","P","Fighting Spirit","2020-01-13","￦100,000","￦0","","","","","","","","","","","","","","","","","","",""
"도재욱","P","박상현","Z","Overwatch","2020-01-13","￦100,000","￦100,000","","","","","","","","","","","","","","","","","","",""
"박상현","Z","도재욱","P","Neo Sylphid","2020-01-13","￦100,000","￦0","","","","","","","","","","","","","","","","","","",""
"도재욱","P","박상현","Z","Eye of the Storm","2020-01-13","￦100,000","￦0","","","","","","","","","","","","","","","","","","",""
"도재욱","P","박상현","Z","La Mancha","2020-01-13","￦100,000","￦0","","","","","","","","","","","","","","","","","","",""
"박상현","Z","도재욱","P","New Heartbreak Ridge","2020-01-13","￦100,000","￦0","","","","","","","","","","","","","","","","","","",""
"도재욱","P","박상현","Z","Whiteout","2020-01-13","￦100,000","￦0","","","","","","","","","","","","","","","","","","",""
"도재욱","P","유영진","T","La Mancha","2020-01-19","￦100,000","￦0","","","","","","","","","","","","","","","","","","",""
"유영진","T","도재욱","P","Destination","2020-01-19","￦100,000","￦0","","","","","","","","","","","","","","","","","","",""
"유영진","T","도재욱","P","Overwatch","2020-01-19","￦100,000","￦100,000","","","","","","","","","","","","","","","","","","",""
"도재욱","P","유영진","T","Whiteout","2020-01-19","￦100,000","￦0","","","","","","","","","","","","","","","","","","",""
"유영진","T","도재욱","P","Circuit Breakers","2020-01-19","￦100,000","￦0","","","","","","","","","","","","","","","","","","",""
"도재욱","P","유영진","T","Eye of the Storm","2020-01-19","￦100,000","￦0","","","","","","","","","","","","","","","","","","",""
"도재욱","P","유영진","T","Neo Sylphid","2020-01-19","￦100,000","￦0","","","","","","","","","","","","","","","","","","",""
"도재욱","P","유영진","T","Fighting Spirit","2020-01-19","￦100,000","￦100,000","","","","","","","","","","","","","","","","","","",""
"도재욱","P","유영진","T","Gladiator","2020-01-19","￦100,000","￦0","","","","","","","","","","","","","","","","","","",""
"김민철","Z","도재욱","P","Destination","2020-02-07","￦100,000","￦100,000","","","","","","","","","","","","","","","","","","",""
"도재욱","P","김민철","Z","Escalade","2020-02-07","￦100,000","￦0","","","","","","","","","","","","","","","","","","",""
"김민철","Z","도재욱","P","New Heartbreak Ridge","2020-02-07","￦100,000","￦0","","","","","","","","","","","","","","","","","","",""
"도재욱","P","김민철","Z","Match Point","2020-02-07","￦100,000","￦100,000","","","","","","","","","","","","","","","","","","",""
"도재욱","P","김민철","Z","Horizon Lunar Colony","2020-02-07","￦100,000","￦0","","","","","","","","","","","","","","","","","","",""
"도재욱","P","김민철","Z","Autobahn","2020-02-07","￦100,000","￦0","","","","","","","","","","","","","","","","","","",""
"김민철","Z","도재욱","P","Neo Sylphid","2020-02-07","￦100,000","￦0","","","","","","","","","","","","","","","","","","",""
"도재욱","P","김민철","Z","Polypoid","2020-02-07","￦100,000","￦0","","","","","","","","","","","","","","","","","","",""
"김민철","Z","도재욱","P","Whiteout","2020-02-07","￦100,000","￦0","","","","","","","","","","","","","","","","","","",""
"도재욱","P","조기석","T","Circuit Breakers","2020-02-10","￦100,000","￦0","","","","","","","","","","","","","","","","","","",""
"도재욱","P","조기석","T","Horizon Lunar Colony","2020-02-10","￦100,000","￦0","","","","","","","","","","","","","","","","","","",""
"도재욱","P","조기석","T","Whiteout","2020-02-10","￦100,000","￦100,000","","","","","","","","","","","","","","","","","","",""
"도재욱","P","조기석","T","Escalade","2020-02-10","￦100,000","￦100,000","","","","","","","","","","","","","","","","","","",""
"조기석","T","도재욱","P","Polypoid","2020-02-10","￦100,000","￦0","","","","","","","","","","","","","","","","","","",""
"조기석","T","도재욱","P","Match Point","2020-02-10","￦100,000","￦0","","","","","","","","","","","","","","","","","","",""
"도재욱","P","조기석","T","Hitchhiker","2020-02-10","￦100,000","￦0","","","","","","","","","","","","","","","","","","",""
"조기석","T","도재욱","P","Fighting Spirit","2020-02-10","￦100,000","￦0","","","","","","","","","","","","","","","","","","",""
"조기석","T","도재욱","P","Gladiator","2020-02-10","￦100,000","￦0","","","","","","","","","","","","","","","","","","",""
"김성대"," Z","도재욱","P","Hitchhiker","2020-02-20","￦100,000","￦0","","","","","","","","","","","","","","","","","","",""
"김성대","Z","도재욱","P","Polypoid","2020-02-20","￦100,000","￦0","","","","","","","","","","","","","","","","","","",""
"도재욱","P","김성대","Z","Match Point","2020-02-20","￦100,000","￦100,000","","","","","","","","","","","","","","","","","","",""
"김성대","Z","도재욱","P","La Mancha","2020-02-20","￦100,000","￦100,000","","","","","","","","","","","","","","","","","","",""
"도재욱","P","김성대","Z","Escalade","2020-02-20","￦100,000","￦0","","","","","","","","","","","","","","","","","","",""
"김성대","Z","도재욱","P","Neo Sylphid","2020-02-20","￦100,000","￦0","","","","","","","","","","","","","","","","","","",""
"도재욱","P","김성대","Z","Fighting Spirit","2020-02-20","￦100,000","￦0","","","","","","","","","","","","","","","","","","",""
"김성대","Z","도재욱","P","Circuit Breakers","2020-02-20","￦100,000","￦0","","","","","","","","","","","","","","","","","","",""
"도재욱","P","김성대","Z","New Bloody Ridge","2020-02-20","￦100,000","￦0","","","","","","","","","","","","","","","","","","",""
"김성대","Z","변현제","P","Match Point","2020-02-24","￦100,000","￦0","","","","","","","","","","","","","","","","","","",""
"김성대","Z","변현제","P","Hitchhiker","2020-02-24","￦100,000","￦0","","","","","","","","","","","","","","","","","","",""
"김성대","Z","변현제","P","Fighting Spirit","2020-02-24","￦100,000","￦100,000","","","","","","","","","","","","","","","","","","",""
"변현제","P","김성대","Z","Horizon Lunar Colony","2020-02-24","￦100,000","￦0","","","","","","","","","","","","","","","","","","",""
"김성대","Z","변현제","P","La Mancha","2020-02-24","￦100,000","￦100,000","","","","","","","","","","","","","","","","","","",""
"변현제","P","김성대","Z","Neo Sylphid","2020-02-24","￦100,000","￦0","","","","","","","","","","","","","","","","","","",""
"김성대","Z","변현제","P","Circuit Breakers","2020-02-24","￦100,000","￦0","","","","","","","","","","","","","","","","","","",""
"김성대","Z","변현제","P","Escalade","2020-02-24","￦100,000","￦0","","","","","","","","","","","","","","","","","","",""
"변현제","P","김성대","Z","New Bloody Ridge","2020-02-24","￦100,000","￦0","","","","","","","","","","","","","","","","","","",""
"김성대","Z","윤찬희","T","Fighting Spirit","2020-03-02","￦100,000","￦100,000","","","","","","","","","","","","","","","","","","",""
"윤찬희","T","김성대","Z","Neo Sylphid","2020-03-02","￦100,000","￦0","","","","","","","","","","","","","","","","","","",""
"김성대","Z","윤찬희","T","Match Point","2020-03-02","￦100,000","￦0","","","","","","","","","","","","","","","","","","",""
"김성대","Z","윤찬희","T","Autobahn","2020-03-02","￦100,000","￦0","","","","","","","","","","","","","","","","","","",""
"윤찬희","T","김성대","Z","Circuit Breakers","2020-03-02","￦100,000","￦0","","","","","","","","","","","","","","","","","","",""
"윤찬희","T","김성대","Z","Polypoid","2020-03-02","￦100,000","￦0","","","","","","","","","","","","","","","","","","",""
"김성대","Z","윤찬희","T","La Mancha","2020-03-02","￦100,000","￦100,000","","","","","","","","","","","","","","","","","","",""
"김성대","Z","윤찬희","T","Escalade","2020-03-02","￦100,000","￦0","","","","","","","","","","","","","","","","","","",""
"윤찬희","T","김성대","Z","New Bloody Ridge","2020-03-02","￦100,000","￦0","","","","","","","","","","","","","","","","","","",""
"김성대","Z","장윤철","P","Fighting Spirit","2020-03-23","￦100,000","￦0","","","","","","","","","","","","","","","","","","",""
"김성대","Z","장윤철","P","Escalade","2020-03-23","￦100,000","￦0","","","","","","","","","","","","","","","","","","",""
"김성대","Z","장윤철","P","Hitchhiker","2020-03-23","￦100,000","￦100,000","","","","","","","","","","","","","","","","","","",""
"장윤철","P","김성대","Z","Match Point","2020-03-23","￦100,000","￦0","","","","","","","","","","","","","","","","","","",""
"장윤철","P","김성대","Z","La Mancha","2020-03-23","￦100,000","￦100,000","","","","","","","","","","","","","","","","","","",""
"김성대","Z","장윤철","P","Neo Sylphid","2020-03-23","￦100,000","￦0","","","","","","","","","","","","","","","","","","",""
"장윤철","P","김성대","Z","Circuit Breakers","2020-03-23","￦100,000","￦0","","","","","","","","","","","","","","","","","","",""
"장윤철","P","김성대","Z","Horizon Lunar Colony","2020-03-23","￦100,000","￦0","","","","","","","","","","","","","","","","","","",""
"김성대","Z","장윤철","P","Polypoid","2020-03-23","￦100,000","￦0","","","","","","","","","","","","","","","","","","",""
"이재호","T","김성대","Z","Fighting Spirit","2020-03-30","￦100,000","￦100,000","","","","","","","","","","","","","","","","","","",""
"이재호","T","김성대","Z","Horizon Lunar Colony","2020-03-30","￦100,000","￦100,000","","","","","","","","","","","","","","","","","","",""
"이재호","T","김성대","Z","Neo Sylphid","2020-03-30","￦100,000","￦0","","","","","","","","","","","","","","","","","","",""
"김성대","Z","이재호","T","New Bloody Ridge","2020-03-30","￦100,000","￦0","","","","","","","","","","","","","","","","","","",""
"김성대","Z","이재호","T","Match Point","2020-03-30","￦100,000","￦0","","","","","","","","","","","","","","","","","","",""
"이재호","T","김성대","Z","Hitchhiker","2020-03-30","￦100,000","￦0","","","","","","","","","","","","","","","","","","",""
"이재호","T","김성대","Z","La Mancha","2020-03-30","￦100,000","￦0","","","","","","","","","","","","","","","","","","",""
"이재호","T","김성대","Z","Circuit Breakers","2020-03-30","￦100,000","￦0","","","","","","","","","","","","","","","","","","",""
"이재호","T","김성대","Z","Polypoid","2020-03-30","￦100,000","￦0","","","","","","","","","","","","","","","","","","",""
"이재호","T","송병구"," P","Escalade","2020-04-20","￦100,000","￦0","","","","","","","","","","","","","","","","","","",""
"이재호","T","송병구","P","New Bloody Ridge","2020-04-20","￦100,000","￦0","","","","","","","","","","","","","","","","","","",""
"송병구","P","이재호","T","Hitchhiker","2020-04-20","￦100,000","￦100,000","","","","","","","","","","","","","","","","","","",""
"송병구","P","이재호","T","Fighting Spirit","2020-04-20","￦100,000","￦100,000","","","","","","","","","","","","","","","","","","",""
"송병구","P","이재호","T","Circuit Breakers","2020-04-20","￦100,000","￦0","","","","","","","","","","","","","","","","","","",""
"송병구","P","이재호","T","Polypoid","2020-04-20","￦100,000","￦0","","","","","","","","","","","","","","","","","","",""
"이재호","T","송병구","P","Horizon Lunar Colony","2020-04-20","￦100,000","￦0","","","","","","","","","","","","","","","","","","",""
"송병구","P","이재호","T","Match Point","2020-04-20","￦100,000","￦0","","","","","","","","","","","","","","","","","","",""
"이재호","T","송병구","P","Neo Sylphid","2020-04-20","￦100,000","￦0","","","","","","","","","","","","","","","","","","",""
"송병구","P","김지성","T","Circuit Breakers","2020-04-27","￦100,000","￦0","","","","","","","","","","","","","","","","","","",""
"송병구","P","김지성","T","Fighting Spirit","2020-04-27","￦100,000","￦0","","","","","","","","","","","","","","","","","","",""
"김지성","T","송병구","P","La Mancha","2020-04-27","￦100,000","￦100,000","","","","","","","","","","","","","","","","","","",""
"김지성","T","송병구","P","Hitchhiker","2020-04-27","￦100,000","￦100,000","","","","","","","","","","","","","","","","","","",""
"송병구","P","김지성","T","Match Point","2020-04-27","￦100,000","￦0","","","","","","","","","","","","","","","","","","",""
"송병구","P","김지성","T","New Bloody Ridge","2020-04-27","￦100,000","￦0","","","","","","","","","","","","","","","","","","",""
"송병구","P","김지성","T","Neo Sylphid","2020-04-27","￦100,000","￦0","","","","","","","","","","","","","","","","","","",""
"김지성","T","송병구","P","Horizon Lunar Colony","2020-04-27","￦100,000","￦0","","","","","","","","","","","","","","","","","","",""
"송병구","P","김지성","T","Polypoid","2020-04-27","￦100,000","￦0","","","","","","","","","","","","","","","","","","",""
"송병구","P","박상현","Z","Neo Sylphid","2020-05-04","￦100,000","￦0","","","","","","","","","","","","","","","","","","",""
"박상현","Z","송병구","P","Circuit Breakers","2020-05-04","￦100,000","￦0","","","","","","","","","","","","","","","","","","",""
"박상현","Z","송병구","P","Match Point","2020-05-04","￦100,000","￦100,000","","","","","","","","","","","","","","","","","","",""
"박상현","Z","송병구","P","Hitchhiker","2020-05-04","￦100,000","￦0","","","","","","","","","","","","","","","","","","",""
"박상현","Z","송병구","P","Fighting Spirit","2020-05-04","￦100,000","￦0","","","","","","","","","","","","","","","","","","",""
"박상현","Z","송병구","P","Horizon Lunar Colony","2020-05-04","￦100,000","￦0","","","","","","","","","","","","","","","","","","",""
"박상현","Z","송병구","P","La Mancha","2020-05-04","￦100,000","￦0","","","","","","","","","","","","","","","","","","",""
"송병구","P","박상현","Z","Polypoid","2020-05-04","￦100,000","￦0","","","","","","","","","","","","","","","","","","",""
"박상현","Z","송병구","P","Escalade","2020-05-04","￦100,000","￦0","","","","","","","","","","","","","","","","","","",""
"최호선","T","박상현","Z","Escalade","2020-05-09","￦100,000","￦0","","","","","","","","","","","","","","","","","","",""
"최호선","T","박상현","Z","Neo Sylphid","2020-05-09","￦100,000","￦0","","","","","","","","","","","","","","","","","","",""
"박상현","Z","최호선","T","La Mancha","2020-05-09","￦100,000","￦0","","","","","","","","","","","","","","","","","","",""
"박상현","Z","최호선","T","Polypoid","2020-05-09","￦100,000","￦0","","","","","","","","","","","","","","","","","","",""
"최호선","T","박상현","Z","Hitchhiker","2020-05-09","￦100,000","￦100,000","","","","","","","","","","","","","","","","","","",""
"박상현","Z","최호선","T","Horizon Lunar Colony","2020-05-09","￦100,000","￦0","","","","","","","","","","","","","","","","","","",""
"최호선","T","박상현","Z","Match Point","2020-05-09","￦100,000","￦0","","","","","","","","","","","","","","","","","","",""
"박상현","Z","최호선","T","Fighting Spirit","2020-05-09","￦100,000","￦0","","","","","","","","","","","","","","","","","","",""
"박상현","Z","최호선","T","Circuit Breakers","2020-05-09","￦100,000","￦0","","","","","","","","","","","","","","","","","","",""
"박상현","Z","조기석","T","La Mancha","2020-05-23","￦100,000","￦0","","","","","","","","","","","","","","","","","","",""
"박상현","Z","조기석","T","Fighting Spirit","2020-05-23","￦100,000","￦100,000","","","","","","","","","","","","","","","","","","",""
"박상현","Z","조기석","T","New Bloody Ridge","2020-05-23","￦100,000","￦0","","","","","","","","","","","","","","","","","","",""
"박상현","Z","조기석","T","Escalade","2020-05-23","￦100,000","￦0","","","","","","","","","","","","","","","","","","",""
"박상현","Z","조기석","T","Circuit Breakers","2020-05-23","￦100,000","￦0","","","","","","","","","","","","","","","","","","",""
"조기석","T","박상현","Z","Polypoid","2020-05-23","￦100,000","￦0","","","","","","","","","","","","","","","","","","",""
"박상현","Z","조기석","T","Hitchhiker","2020-05-23","￦100,000","￦100,000","","","","","","","","","","","","","","","","","","",""
"조기석","T","박상현","Z","Neo Sylphid","2020-05-23","￦100,000","￦0","","","","","","","","","","","","","","","","","","",""
"박상현","Z","조기석","T","Horizon Lunar Colony","2020-05-23","￦100,000","￦0","","","","","","","","","","","","","","","","","","",""
"박상현","Z","장윤철","P","Hitchhiker","2020-05-31","￦100,000","￦0","","","","","","","","","","","","","","","","","","",""
"박상현","Z","장윤철","P","Fighting Spirit","2020-05-31","￦100,000","￦0","","","","","","","","","","","","","","","","","","",""
"박상현","Z","장윤철","P","Circuit Breakers","2020-05-31","￦100,000","￦0","","","","","","","","","","","","","","","","","","",""
"박상현","Z","장윤철","P","Neo Sylphid","2020-05-31","￦100,000","￦100,000","","","","","","","","","","","","","","","","","","",""
"장윤철","P","박상현","Z","Match Point","2020-05-31","￦100,000","￦100,000","","","","","","","","","","","","","","","","","","",""
"박상현","Z","장윤철","P","New Bloody Ridge","2020-05-31","￦100,000","￦0","","","","","","","","","","","","","","","","","","",""
"박상현","Z","장윤철","P","Polypoid","2020-05-31","￦100,000","￦0","","","","","","","","","","","","","","","","","","",""
"장윤철","P","박상현","Z","La Mancha","2020-05-31","￦100,000","￦0","","","","","","","","","","","","","","","","","","",""
"박상현","Z","장윤철","P","Escalade","2020-05-31","￦100,000","￦0","","","","","","","","","","","","","","","","","","",""
"박성균","T","박상현","Z","Fighting Spirit","2020-06-07","￦100,000","￦0","","","","","","","","","","","","","","","","","","",""
"박상현","Z","박성균","T","Neo Sylphid","2020-06-07","￦100,000","￦100,000","","","","","","","","","","","","","","","","","","",""
"박성균","T","박상현","Z","Polypoid","2020-06-07","￦100,000","￦0","","","","","","","","","","","","","","","","","","",""
"박성균","T","박상현","Z","Hitchhiker","2020-06-07","￦100,000","￦0","","","","","","","","","","","","","","","","","","",""
"박상현","Z","박성균","T","La Mancha","2020-06-07","￦100,000","￦0","","","","","","","","","","","","","","","","","","",""
"박성균","T","박상현","Z","Circuit Breakers","2020-06-07","￦100,000","￦100,000","","","","","","","","","","","","","","","","","","",""
"박성균","T","박상현","Z","Horizon Lunar Colony","2020-06-07","￦100,000","￦0","","","","","","","","","","","","","","","","","","",""
"박상현","Z","박성균","T","Match Point","2020-06-07","￦100,000","￦0","","","","","","","","","","","","","","","","","","",""
"박상현","Z","박성균","T","New Bloody Ridge","2020-06-07","￦100,000","￦0","","","","","","","","","","","","","","","","","","",""
"김택용","P","이제동","Z","Blue Storm","2020-06-12","₩100,000","₩0","","","","","","","","","","","","","","","","","","",""
"김택용","P","이제동","Z","Polypoid","2020-06-12","₩100,000","₩0","","","","","","","","","","","","","","","","","","",""
"김택용","P","이제동","Z","Fighting Spirit","2020-06-12","₩100,000","₩0","","","","","","","","","","","","","","","","","","",""
"김택용","P","이제동","Z","Hitchhiker","2020-06-12","₩100,000","₩0","","","","","","","","","","","","","","","","","","",""
"김택용","P","이제동","Z","Neo Sylphid","2020-06-12","₩100,000","₩0","","","","","","","","","","","","","","","","","","",""
"이제동","Z","김택용","P","New Bloody Ridge","2020-06-12","₩100,000","₩0","","","","","","","","","","","","","","","","","","",""
"이제동","Z","김택용","P","Circuit Breakers","2020-06-12","₩100,000","₩0","","","","","","","","","","","","","","","","","","",""
"이제동","Z","김택용","P","La Mancha","2020-06-12","₩100,000","₩0","","","","","","","","","","","","","","","","","","",""
"이제동","Z","김택용","P","Escalade","2020-06-12","₩100,000","₩0","","","","","","","","","","","","","","","","","","",""
"조일장","Z","박성균","T","Circuit Breakers","2020-06-13","￦100,000","￦0","","","","","","","","","","","","","","","","","","",""
"조일장","Z","박성균","T","Escalade","2020-06-13","￦100,000","￦100,000","","","","","","","","","","","","","","","","","","",""
"조일장","Z","박성균","T","Polypoid","2020-06-13","￦100,000","￦0","","","","","","","","","","","","","","","","","","",""
"조일장","Z","박성균","T","Hitchhiker","2020-06-13","￦100,000","￦0","","","","","","","","","","","","","","","","","","",""
"박성균","T","조일장","Z","Neo Sylphid","2020-06-13","￦100,000","￦0","","","","","","","","","","","","","","","","","","",""
"박성균","T","조일장","Z","Horizon Lunar Colony","2020-06-13","￦100,000","￦100,000","","","","","","","","","","","","","","","","","","",""
"박성균","T","조일장","Z","la mancha","2020-06-13","￦100,000","￦0","","","","","","","","","","","","","","","","","","",""
"박성균","T","조일장","Z","Match Point","2020-06-13","￦100,000","￦0","","","","","","","","","","","","","","","","","","",""
"조일장","Z","박성균","T","New Bloody Ridge","2020-06-13","￦100,000","￦0","","","","","","","","","","","","","","","","","","",""
"조일장","Z","유영진","T","La Mancha","2020-06-20","￦100,000","￦0","","","","","","","","","","","","","","","","","","",""
"유영진","T","조일장","Z","Escalade","2020-06-20","￦100,000","￦0","","","","","","","","","","","","","","","","","","",""
"조일장","Z","유영진","T","Horizon Lunar Colony","2020-06-20","￦100,000","￦0","","","","","","","","","","","","","","","","","","",""
"조일장","Z","유영진","T","Fighting Spirit","2020-06-20","￦100,000","￦100,000","","","","","","","","","","","","","","","","","","",""
"조일장","Z","유영진","T","Polypoid","2020-06-20","￦100,000","￦0","","","","","","","","","","","","","","","","","","",""
"유영진","T","조일장","Z","Neo Sylphid","2020-06-20","￦100,000","￦0","","","","","","","","","","","","","","","","","","",""
"조일장","Z","유영진","T","Circuit Breakers","2020-06-20","￦100,000","￦100,000","","","","","","","","","","","","","","","","","","",""
"조일장","Z","유영진","T","New Bloody Ridge","2020-06-20","￦100,000","￦0","","","","","","","","","","","","","","","","","","",""
"조일장","Z","유영진","T","Match Point","2020-06-20","￦100,000","￦0","","","","","","","","","","","","","","","","","","",""
"변현제","P","조일장","Z","Match Point","2020-06-23","￦100,000","￦0","","","","","","","","","","","","","","","","","","",""
"변현제","P","조일장","Z","Circuit Breakers","2020-06-23","￦100,000","￦100,000","","","","","","","","","","","","","","","","","","",""
"조일장","Z","변현제","P","La Mancha","2020-06-23","￦100,000","￦0","","","","","","","","","","","","","","","","","","",""
"조일장","Z","변현제","P","Fighting Spirit","2020-06-23","￦100,000","￦100,000","","","","","","","","","","","","","","","","","","",""
"조일장","Z","변현제","P","Hitchhiker","2020-06-23","￦100,000","￦0","","","","","","","","","","","","","","","","","","",""
"변현제","P","조일장","Z","New Bloody Ridge","2020-06-23","￦100,000","￦0","","","","","","","","","","","","","","","","","","",""
"조일장","Z","변현제","P","Escalade","2020-06-23","￦100,000","￦0","","","","","","","","","","","","","","","","","","",""
"변현제","P","조일장","Z","Neo Sylphid","2020-06-23","￦100,000","￦0","","","","","","","","","","","","","","","","","","",""
"조일장","Z","변현제","P","Polypoid","2020-06-23","￦100,000","￦0","","","","","","","","","","","","","","","","","","",""
"조일장","Z","최호선","T","Ringing Bloom","2020-08-31","￦100,000","￦0","","","","","","","","","","","","","","","","","","",""
"조일장","Z","최호선","T","Plasma","2020-08-31","￦100,000","￦0","","","","","","","","","","","","","","","","","","",""
"최호선","T","조일장","Z","Polypoid","2020-08-31","￦100,000","￦0","","","","","","","","","","","","","","","","","","",""
"조일장","Z","최호선","T","Benzene","2020-08-31","￦100,000","￦100,000","","","","","","","","","","","","","","","","","","",""
"조일장","Z","최호선","T","Optimizer","2020-08-31","￦100,000","￦0","","","","","","","","","","","","","","","","","","",""
"조일장","Z","최호선","T","Eclipse","2020-08-31","￦100,000","￦0","","","","","","","","","","","","","","","","","","",""
"최호선","T","조일장","Z","Shakuras Temple","2020-08-31","￦100,000","￦0","","","","","","","","","","","","","","","","","","",""
"조일장","Z","최호선","T","Benzene","2020-08-31","￦100,000","￦0","","","","","","","","","","","","","","","","","","",""
"조일장","Z","최호선","T","Ringing Bloom","2020-08-31","￦100,000","￦100,000","","","","","","","","","","","","","","","","","","",""
"조일장","Z","임진묵","T","Polypoid","2020-09-07","￦100,000","￦0","","","","","","","","","","","","","","","","","","",""
"조일장","Z","임진묵","T","Ringing Bloom","2020-09-07","￦100,000","￦0","","","","","","","","","","","","","","","","","","",""
"조일장","Z","임진묵","T","Eclipse","2020-09-07","￦100,000","￦100,000","","","","","","","","","","","","","","","","","","",""
"조일장","Z","임진묵","T","Plasma","2020-09-07","￦100,000","￦0","","","","","","","","","","","","","","","","","","",""
"임진묵","T","조일장","Z","benzene","2020-09-07","￦100,000","￦0","","","","","","","","","","","","","","","","","","",""
"임진묵","T","조일장","Z","Shakuras Temple","2020-09-07","￦100,000","￦0","","","","","","","","","","","","","","","","","","",""
"조일장","Z","임진묵","T","Optimizer","2020-09-07","￦100,000","￦0","","","","","","","","","","","","","","","","","","",""
"조일장","Z","임진묵","T","Eclipse","2020-09-07","￦100,000","￦0","","","","","","","","","","","","","","","","","","",""
"조일장","Z","임진묵","T","Ringing Bloom","2020-09-07","￦100,000","￦100,000","","","","","","","","","","","","","","","","","","",""
"이재호","T","조일장","Z","Optimizer","2020-09-14","￦100,000","￦100,000","","","","","","","","","","","","","","","","","","",""
"조일장","Z","이재호","T","Benzene","2020-09-14","￦100,000","￦100,000","","","","","","","","","","","","","","","","","","",""
"이재호","T","조일장","Z","Ringing Bloom","2020-09-14","￦100,000","￦0","","","","","","","","","","","","","","","","","","",""
"이재호","T","조일장","Z","Shakuras Temple","2020-09-14","￦100,000","￦0","","","","","","","","","","","","","","","","","","",""
"이재호","T","조일장","Z","Plasma","2020-09-14","￦100,000","￦0","","","","","","","","","","","","","","","","","","",""
"이재호","T","조일장","Z","Polypoid","2020-09-14","￦100,000","￦0","","","","","","","","","","","","","","","","","","",""
"이재호","T","조일장","Z","Eclipse","2020-09-14","￦100,000","￦0","","","","","","","","","","","","","","","","","","",""
"조일장","Z","이재호","T","Benzene","2020-09-14","￦100,000","￦0","","","","","","","","","","","","","","","","","","",""
"이재호","T","조일장","Z","Optimizer","2020-09-14","￦100,000","￦0","","","","","","","","","","","","","","","","","","",""
"김윤중","P","이재호","T","Polypoid","2020-09-21","￦100,000","￦100,000","","","","","","","","","","","","","","","","","","",""
"김윤중","P","이재호","T","Ringing Bloom","2020-09-21","￦100,000","￦0","","","","","","","","","","","","","","","","","","",""
"김윤중","P","이재호","T","Shakuras Temple","2020-09-21","￦100,000","￦0","","","","","","","","","","","","","","","","","","",""
"이재호","T","김윤중","P","Optimizer","2020-09-21","￦100,000","￦0","","","","","","","","","","","","","","","","","","",""
"이재호","T","김윤중","P","Plasma","2020-09-21","￦100,000","￦100,000","","","","","","","","","","","","","","","","","","",""
"이재호","T","김윤중","P","Benzene","2020-09-21","￦100,000","￦0","","","","","","","","","","","","","","","","","","",""
"이재호","T","김윤중","P","Eclipse","2020-09-21","￦100,000","￦0","","","","","","","","","","","","","","","","","","",""
"김윤중","P","이재호","T","Plasma","2020-09-21","￦100,000","￦0","","","","","","","","","","","","","","","","","","",""
"이재호","T","김윤중","P","Ringing Bloom","2020-09-21","￦100,000","￦0","","","","","","","","","","","","","","","","","","",""
"이재호","T","임홍규","Z","Polypoid","2020-09-28","￦100,000","￦0","","","","","","","","","","","","","","","","","","",""
"이재호","T","임홍규","Z","Plasma","2020-09-28","￦100,000","￦100,000","","","","","","","","","","","","","","","","","","",""
"임홍규","Z","이재호","T","Optimizer","2020-09-28","￦100,000","￦0","","","","","","","","","","","","","","","","","","",""
"이재호","T","임홍규","Z","Ringing Bloom","2020-09-28","￦100,000","￦0","","","","","","","","","","","","","","","","","","",""
"이재호","T","임홍규","Z","Eclipse","2020-09-28","￦100,000","￦0","","","","","","","","","","","","","","","","","","",""
"임홍규","Z","이재호","T","Shakuras Temple","2020-09-28","￦100,000","￦0","","","","","","","","","","","","","","","","","","",""
"이재호","T","임홍규","Z","Benzene","2020-09-28","￦100,000","￦0","","","","","","","","","","","","","","","","","","",""
"이재호","T","임홍규","Z","Polypoid","2020-09-28","￦100,000","￦100,000","","","","","","","","","","","","","","","","","","",""
"이재호","T","임홍규","Z","Shakuras Temple","2020-09-28","￦100,000","￦0","","","","","","","","","","","","","","","","","","",""
"이재호","T","김명운","Z","Benzene","2020-10-10","￦100,000","￦100,000","","","","","","","","","","","","","","","","","","",""
"이재호","T","김명운","Z","Polypoid","2020-10-10","￦100,000","￦0","","","","","","","","","","","","","","","","","","",""
"이재호","T","김명운","Z","Eclipse","2020-10-10","￦100,000","￦0","","","","","","","","","","","","","","","","","","",""
"이재호","T","김명운","Z","Shakuras Temple","2020-10-10","￦100,000","￦0","","","","","","","","","","","","","","","","","","",""
"김명운","Z","이재호","T","Optimizer","2020-10-10","￦100,000","￦0","","","","","","","","","","","","","","","","","","",""
"이재호","T","김명운","Z","Plasma","2020-10-10","￦100,000","￦0","","","","","","","","","","","","","","","","","","",""
"이재호","T","김명운","Z","Ringing Bloom","2020-10-10","￦100,000","￦0","","","","","","","","","","","","","","","","","","",""
"이재호","T","김명운","Z","Benzene","2020-10-10","￦100,000","￦0","","","","","","","","","","","","","","","","","","",""
"김명운","Z","이재호","T","Polypoid","2020-10-10","￦100,000","￦0","","","","","","","","","","","","","","","","","","",""
"이재호","T","도재욱","P","Ringing Bloom","2020-10-17","￦100,000","￦0","","","","","","","","","","","","","","","","","","",""
"이재호","T","도재욱","P","Benzene","2020-10-17","￦100,000","￦0","","","","","","","","","","","","","","","","","","",""
"이재호","T","도재욱","P","Eclipse","2020-10-17","￦100,000","￦0","","","","","","","","","","","","","","","","","","",""
"도재욱","P","이재호","T","Plasma","2020-10-17","￦100,000","￦100,000","","","","","","","","","","","","","","","","","","",""
"도재욱","P","이재호","T","Optimizer","2020-10-17","￦100,000","￦100,000","","","","","","","","","","","","","","","","","","",""
"이재호","T","도재욱","P","Polypoid","2020-10-17","￦100,000","￦0","","","","","","","","","","","","","","","","","","",""
"도재욱","P","이재호","T","Shakuras Temple","2020-10-17","￦100,000","￦0","","","","","","","","","","","","","","","","","","",""
"이재호","T","도재욱","P","Polypoid","2020-10-17","￦100,000","￦0","","","","","","","","","","","","","","","","","","",""
"도재욱","P","이재호","T","Plasma","2020-10-17","￦100,000","￦0","","","","","","","","","","","","","","","","","","",""
"이재호","T","김민철","Z","Benzene","2020-10-19","￦100,000","￦0","","","","","","","","","","","","","","","","","","",""
"김민철","Z","이재호","T","Ringing Bloom","2020-10-19","￦100,000","￦0","","","","","","","","","","","","","","","","","","",""
"이재호","T","김민철","Z","Plasma","2020-10-19","￦100,000","￦0","","","","","","","","","","","","","","","","","","",""
"이재호","T","김민철","Z","Optimizer","2020-10-19","￦100,000","￦0","","","","","","","","","","","","","","","","","","",""
"김민철","Z","이재호","T","Polypoid","2020-10-19","￦100,000","￦0","","","","","","","","","","","","","","","","","","",""
"김민철","Z","이재호","T","Shakuras Temple","2020-10-19","￦100,000","￦0","","","","","","","","","","","","","","","","","","",""
"김민철","Z","이재호","T","Eclipse","2020-10-19","￦100,000","￦0","","","","","","","","","","","","","","","","","","",""
"이재호","T","김민철","Z","Plasma","2020-10-19","￦100,000","￦100,000","","","","","","","","","","","","","","","","","","",""
"이재호","T","김민철","Z","Ringing Bloom","2020-10-19","￦100,000","￦100,000","","","","","","","","","","","","","","","","","","",""
"이재호","T","변현제","P","Plasma","2020-11-03","￦100,000","￦0","","","","","","","","","","","","","","","","","","",""
"이재호","T","변현제","P","Benzene","2020-11-03","￦100,000","￦0","","","","","","","","","","","","","","","","","","",""
"변현제"," P","이재호","T","Ringing Bloom","2020-11-03","￦100,000","￦0","","","","","","","","","","","","","","","","","","",""
"이재호","T","변현제","P","Polypoid","2020-11-03","￦100,000","￦100,000","","","","","","","","","","","","","","","","","","",""
"이재호","T","변현제","P","Eclipse","2020-11-03","￦100,000","￦0","","","","","","","","","","","","","","","","","","",""
"이재호","T","변현제","P","Optimizer","2020-11-03","￦100,000","￦0","","","","","","","","","","","","","","","","","","",""
"이재호","T","변현제","P","Shakuras Temple","2020-11-03","￦100,000","￦0","","","","","","","","","","","","","","","","","","",""
"변현제","P","이재호","T","Plasma","2020-11-03","￦100,000","￦100,000","","","","","","","","","","","","","","","","","","",""
"이재호","T","변현제","P","Polypoid","2020-11-03","￦100,000","￦0","","","","","","","","","","","","","","","","","","",""
"이재호","T","장윤철","P","Plasma","2020-11-09","￦100,000","￦0","","","","","","","","","","","","","","","","","","",""
"장윤철","P","이재호","T","Eclipse","2020-11-09","￦100,000","￦0","","","","","","","","","","","","","","","","","","",""
"장윤철","P","이재호","T","Polypoid","2020-11-09","￦100,000","￦0","","","","","","","","","","","","","","","","","","",""
"이재호","T","장윤철","P","Shakuras Temple","2020-11-09","￦100,000","￦0","","","","","","","","","","","","","","","","","","",""
"이재호","T","장윤철","P","Benzene","2020-11-09","￦100,000","￦100,000","","","","","","","","","","","","","","","","","","",""
"이재호","T","장윤철","P","Ringing Bloom","2020-11-09","￦100,000","￦0","","","","","","","","","","","","","","","","","","",""
"이재호","T","장윤철","P","Optimizer","2020-11-09","￦100,000","￦0","","","","","","","","","","","","","","","","","","",""
"장윤철","P","이재호","T","Plasma","2020-11-09","￦100,000","￦0","","","","","","","","","","","","","","","","","","",""
"이재호","T","장윤철","P","Polypoid","2020-11-09","￦100,000","￦0","","","","","","","","","","","","","","","","","","",""
"이재호","T","박상현","Z","Shakuras Temple","2020-12-08","￦100,000","￦0","","","","","","","","","","","","","","","","","","",""
"이재호","T","박상현","Z","Polypoid","2020-12-08","￦100,000","￦0","","","","","","","","","","","","","","","","","","",""
"이재호","T","박상현","Z","Plasma","2020-12-08","￦100,000","￦0","","","","","","","","","","","","","","","","","","",""
"이재호","T","박상현","Z","Optimizer","2020-12-08","￦100,000","￦0","","","","","","","","","","","","","","","","","","",""
"이재호","T","박상현","Z","Polypoid","2020-12-08","￦100,000","￦0","","","","","","","","","","","","","","","","","","",""
"박상현","Z","이재호","T","Benzene","2020-12-08","￦100,000","￦0","","","","","","","","","","","","","","","","","","",""
"박상현","Z","이재호","T","Eclipse","2020-12-08","￦100,000","￦0","","","","","","","","","","","","","","","","","","",""
"박상현","Z","이재호","T","Ringing Bloom","2020-12-08","￦100,000","￦100,000","","","","","","","","","","","","","","","","","","",""
"박상현","Z","이재호","T","Plasma","2020-12-08","￦100,000","￦100,000","","","","","","","","","","","","","","","","","","",""
"이재호","T","김명운","Z","Shakuras Temple","2020-12-22","￦100,000","￦0","","","","","","","","","","","","","","","","","","",""
"이재호","T","김명운","Z","Polypoid","2020-12-22","￦100,000","￦0","","","","","","","","","","","","","","","","","","",""
"이재호","T","김명운","Z","Ringing Bloom SE","2020-12-22","￦100,000","￦100,000","","","","","","","","","","","","","","","","","","",""
"김명운","Z","이재호","T","Benzene","2020-12-22","￦100,000","￦0","","","","","","","","","","","","","","","","","","",""
"김명운","Z","이재호","T","Plasma","2020-12-22","￦100,000","￦0","","","","","","","","","","","","","","","","","","",""
"김명운","Z","이재호","T","Optimizer","2020-12-22","￦100,000","￦0","","","","","","","","","","","","","","","","","","",""
"이재호","T","김명운","Z","Eclipse","2020-12-22","￦100,000","￦0","","","","","","","","","","","","","","","","","","",""
"이재호","T","김명운","Z","Shakuras Temple","2020-12-22","￦100,000","￦0","","","","","","","","","","","","","","","","","","",""
"이재호","T","김명운","Z","Polypoid","2020-12-22","￦100,000","￦0","","","","","","","","","","","","","","","","","","",""
"도재욱","P","이재호","T","Plasma","2021-01-01","￦100,000","￦0","","","","","","","","","","","","","","","","","","",""
"도재욱","P","이재호","T","Ringing Bloom SE","2021-01-01","￦100,000","￦0","","","","","","","","","","","","","","","","","","",""
"이재호","T","도재욱","P","Shakuras Temple","2021-01-01","￦100,000","￦0","","","","","","","","","","","","","","","","","","",""
"도재욱","P","이재호","T","Benzene","2021-01-01","￦100,000","￦0","","","","","","","","","","","","","","","","","","",""
"이재호","T","도재욱","P","Optimizer","2021-01-01","￦100,000","￦0","","","","","","","","","","","","","","","","","","",""
"도재욱","P","이재호","T","Polypoid","2021-01-01","￦100,000","￦100,000","","","","","","","","","","","","","","","","","","",""
"이재호","T","도재욱","P","Eclipse","2021-01-01","￦100,000","￦0","","","","","","","","","","","","","","","","","","",""
"도재욱","P","이재호","T","Plasma","2021-01-01","￦100,000","￦0","","","","","","","","","","","","","","","","","","",""
"이재호","T","도재욱","P","Eclipse","2021-01-01","￦100,000","￦0","","","","","","","","","","","","","","","","","","",""
"임홍규","Z","도재욱"," P","Polypoid","2021-01-05","￦100,000","￦0","","","","","","","","","","","","","","","","","","",""
"임홍규","Z","도재욱","P","Ringing Bloom SE","2021-01-05","￦100,000","￦0","","","","","","","","","","","","","","","","","","",""
"임홍규","Z","도재욱","P","Benzene","2021-01-05","￦100,000","￦0","","","","","","","","","","","","","","","","","","",""
"도재욱","P","임홍규","Z","Plasma","2021-01-05","￦100,000","￦100,000","","","","","","","","","","","","","","","","","","",""
"도재욱","P","임홍규","Z","Optimizer","2021-01-05","￦100,000","￦0","","","","","","","","","","","","","","","","","","",""
"도재욱","P","임홍규","Z","Eclipse","2021-01-05","￦100,000","￦0","","","","","","","","","","","","","","","","","","",""
"임홍규","Z","도재욱","P","Shakuras Temple","2021-01-05","￦100,000","￦0","","","","","","","","","","","","","","","","","","",""
"임홍규","Z","도재욱","P","Plasma","2021-01-05","￦100,000","￦0","","","","","","","","","","","","","","","","","","",""
"도재욱","P","임홍규","Z","Ringing Bloom SE","2021-01-05","￦100,000","￦0","","","","","","","","","","","","","","","","","","",""
"윤용태","P","임홍규","Z","Ringing Bloom SE","2021-01-10","￦100,000","￦0","","","","","","","","","","","","","","","","","","",""
"윤용태","P","임홍규","Z","Polypoid","2021-01-10","￦100,000","￦0","","","","","","","","","","","","","","","","","","",""
"임홍규","Z","윤용태","P","Shakuras Temple","2021-01-10","￦100,000","￦0","","","","","","","","","","","","","","","","","","",""
"임홍규","Z","윤용태","P","Optimizer","2021-01-10","￦100,000","￦0","","","","","","","","","","","","","","","","","","",""
"윤용태","P","임홍규","Z","Plasma","2021-01-10","￦100,000","￦0","","","","","","","","","","","","","","","","","","",""
"임홍규","Z","윤용태","P","Eclipse","2021-01-10","￦100,000","￦0","","","","","","","","","","","","","","","","","","",""
"윤용태","P","임홍규","Z","Benzene","2021-01-10","￦100,000","￦100,000","","","","","","","","","","","","","","","","","","",""
"임홍규","Z","윤용태","P","Polypoid","2021-01-10","￦100,000","￦0","","","","","","","","","","","","","","","","","","",""
"임홍규","Z","윤용태","P","Ringing Bloom SE","2021-01-10","￦100,000","￦100,000","","","","","","","","","","","","","","","","","","",""
"임홍규","Z","유영진","T","Eclipse","2021-02-19","￦100,000","￦100,000","","","","","","","","","","","","","","","","","","",""
"유영진","T","임홍규","Z","Polypoid","2021-02-19","￦100,000","￦0","","","","","","","","","","","","","","","","","","",""
"유영진","T","임홍규","Z","Shakuras Temple","2021-02-19","￦100,000","￦0","","","","","","","","","","","","","","","","","","",""
"유영진","T","임홍규","Z","Ringing Bloom SE","2021-02-19","￦100,000","￦0","","","","","","","","","","","","","","","","","","",""
"유영진","T","임홍규","Z","Benzene","2021-02-19","￦100,000","￦0","","","","","","","","","","","","","","","","","","",""
"유영진","T","임홍규","Z","Benzene","2021-02-19","￦100,000","￦0","","","","","","","","","","","","","","","","","","",""
"유영진","T","임홍규","Z","Ringing Bloom SE","2021-02-19","￦100,000","￦0","","","","","","","","","","","","","","","","","","",""
"유영진","T","임홍규","Z","Eclipse","2021-02-19","￦100,000","￦0","","","","","","","","","","","","","","","","","","",""
"유영진","T","임홍규","Z","Shakuras Temple","2021-02-19","￦100,000","￦100,000","","","","","","","","","","","","","","","","","","",""
"송병구","P","유영진","T","Polypoid","2021-02-22","￦100,000","￦0","","","","","","","","","","","","","","","","","","",""
"유영진","T","송병구","P","Shakuras Temple","2021-02-22","￦100,000","￦0","","","","","","","","","","","","","","","","","","",""
"유영진","T","송병구","P","Ringing Bloom SE","2021-02-22","￦100,000","￦100,000","","","","","","","","","","","","","","","","","","",""
"송병구","P","유영진","T","Eclipse","2021-02-22","￦100,000","￦0","","","","","","","","","","","","","","","","","","",""
"송병구","P","유영진","T","Benzene","2021-02-22","￦100,000","￦0","","","","","","","","","","","","","","","","","","",""
"유영진","T","송병구","P","Shakuras Temple","2021-02-22","￦100,000","￦0","","","","","","","","","","","","","","","","","","",""
"송병구","P","유영진","T","Eclipse","2021-02-22","￦100,000","￦0","","","","","","","","","","","","","","","","","","",""
"유영진","T","송병구","P","Polypoid","2021-02-22","￦100,000","￦100,000","","","","","","","","","","","","","","","","","","",""
"송병구","P","유영진","T","Ringing Bloom SE","2021-02-22","￦100,000","￦0","","","","","","","","","","","","","","","","","","",""
"김정우","Z","송병구","P","Polypoid","2021-02-26","￦100,000","￦0","","","","","","","","","","","","","","","","","","",""
"김정우","Z","송병구","P","Ringing Bloom SE","2021-02-26","￦100,000","￦100,000","","","","","","","","","","","","","","","","","","",""
"김정우","Z","송병구","P","Shakuras Temple","2021-02-26","￦100,000","￦0","","","","","","","","","","","","","","","","","","",""
"송병구","P","김정우","Z","Eclipse","2021-02-26","￦100,000","￦0","","","","","","","","","","","","","","","","","","",""
"송병구","P","김정우","Z","Benzene","2021-02-26","￦100,000","￦100,000","","","","","","","","","","","","","","","","","","",""
"송병구","P","김정우","Z","Polypoid","2021-02-26","￦100,000","￦0","","","","","","","","","","","","","","","","","","",""
"송병구","P","김정우","Z","Benzene","2021-02-26","￦100,000","￦0","","","","","","","","","","","","","","","","","","",""
"김정우","Z","송병구","P","Eclipse","2021-02-26","￦100,000","￦0","","","","","","","","","","","","","","","","","","",""
"김정우","Z","송병구","P","Ringing Bloom SE","2021-02-26","￦100,000","￦0","","","","","","","","","","","","","","","","","","",""
"김정우","Z","김윤중","P","Fighting Spirit","2021-03-23","￦100,000","￦0","","","","","","","","","","","","","","","","","","",""
"김정우","Z","김윤중","P","Ultimate Stream","2021-03-23","￦100,000","￦0","","","","","","","","","","","","","","","","","","",""
"김정우","Z","김윤중","P","Polypoid","2021-03-23","￦100,000","￦0","","","","","","","","","","","","","","","","","","",""
"김윤중","P","김정우","Z","Eclipse","2021-03-23","￦100,000","￦0","","","","","","","","","","","","","","","","","","",""
"김정우","Z","김윤중","P","Hidden Track","2021-03-23","￦100,000","￦100,000","","","","","","","","","","","","","","","","","","",""
"김정우","Z","김윤중","P","Ascension","2021-03-23","￦100,000","￦100,000","","","","","","","","","","","","","","","","","","",""
"김윤중","P","김정우","Z","Polaris Rhapsody","2021-03-23","￦100,000","￦0","","","","","","","","","","","","","","","","","","",""
"김정우","Z","김윤중","P","Polypoid","2021-03-23","￦100,000","￦0","","","","","","","","","","","","","","","","","","",""
"김정우","Z","김윤중","P","Ascension","2021-03-23","￦100,000","￦0","","","","","","","","","","","","","","","","","","",""
"김택용","P","이영한","Z","Fighting Spirit","2021-03-26","￦100,000","￦0","","","","","","","","","","","","","","","","","","",""
"김택용","P","이영한","Z","Polaris Rhapsody","2021-03-26","￦100,000","￦0","","","","","","","","","","","","","","","","","","",""
"이영한","Z","김택용","P","Polypoid","2021-03-26","￦100,000","￦100,000","","","","","","","","","","","","","","","","","","",""
"김택용","P","이영한","Z","Eclipse","2021-03-26","￦100,000","￦100,000","","","","","","","","","","","","","","","","","","",""
"김택용","P","이영한","Z","Ultimate Stream","2021-03-26","￦100,000","￦0","","","","","","","","","","","","","","","","","","",""
"김택용","P","이영한","Z","Ascension","2021-03-26","￦100,000","￦0","","","","","","","","","","","","","","","","","","",""
"김택용","P","이영한","Z","Hidden Track","2021-03-26","￦100,000","￦0","","","","","","","","","","","","","","","","","","",""
"김택용","P","이영한","Z","Polypoid","2021-03-26","￦100,000","￦0","","","","","","","","","","","","","","","","","","",""
"김택용","P","이영한","Z","Polaris Rhapsody","2021-03-26","￦100,000","￦0","","","","","","","","","","","","","","","","","","",""
"박상현","Z","도재욱","P","Ultimate Stream","2021-03-27","￦100,000","￦100,000","","","","","","","","","","","","","","","","","","",""
"도재욱","P","박상현","Z","Ascension","2021-03-27","￦100,000","￦0","","","","","","","","","","","","","","","","","","",""
"박상현","Z","도재욱","P","Polypoid","2021-03-27","￦100,000","￦0","","","","","","","","","","","","","","","","","","",""
"박상현","Z","도재욱","P","Fighting Spirit","2021-03-27","￦100,000","￦0","","","","","","","","","","","","","","","","","","",""
"박상현","Z","도재욱","P","Polaris Rhapsody","2021-03-27","￦100,000","￦0","","","","","","","","","","","","","","","","","","",""
"박상현","Z","도재욱","P","Eclipse","2021-03-27","￦100,000","￦0","","","","","","","","","","","","","","","","","","",""
"도재욱","P","박상현","Z","Hidden Track","2021-03-27","￦100,000","￦0","","","","","","","","","","","","","","","","","","",""
"도재욱","P","박상현","Z","Polypoid","2021-03-27","￦100,000","￦100,000","","","","","","","","","","","","","","","","","","",""
"박상현","Z","도재욱","P","Hidden Track","2021-03-27","￦100,000","￦0","","","","","","","","","","","","","","","","","","",""
"정영재","T","박상현","Z","Eclipse","2021-04-16","￦100,000","￦0","","","","","","","","","","","","","","","","","","",""
"박상현","Z","정영재","T","Polypoid","2021-04-16","￦100,000","￦0","","","","","","","","","","","","","","","","","","",""
"박상현","Z","정영재","T","Fighting Spirit","2021-04-16","￦100,000","￦0","","","","","","","","","","","","","","","","","","",""
"박상현","Z","정영재","T","Ascension","2021-04-16","￦100,000","￦0","","","","","","","","","","","","","","","","","","",""
"정영재","T","박상현","Z","Hidden Track","2021-04-16","￦100,000","￦0","","","","","","","","","","","","","","","","","","",""
"박상현","Z","정영재","T","Ultimate Stream","2021-04-16","￦100,000","￦100,000","","","","","","","","","","","","","","","","","","",""
"박상현","Z","정영재","T","Polaris Rhapsody","2021-04-16","￦100,000","￦0","","","","","","","","","","","","","","","","","","",""
"박상현","Z","정영재","T","Eclipse","2021-04-16","￦100,000","￦100,000","","","","","","","","","","","","","","","","","","",""
"박상현","Z","정영재","T","Fighting Spirit","2021-04-16","￦100,000","￦0","","","","","","","","","","","","","","","","","","",""
"박상현","Z","김지성","T","Ascension","2021-04-20","￦100,000","￦0","","","","","","","","","","","","","","","","","","",""
"박상현","Z","김지성","T","Polypoid","2021-04-20","￦100,000","￦0","","","","","","","","","","","","","","","","","","",""
"박상현","Z","김지성","T","Eclipse","2021-04-20","￦100,000","￦0","","","","","","","","","","","","","","","","","","",""
"박상현","Z","김지성","T","Fighting Spirit","2021-04-20","￦100,000","￦100,000","","","","","","","","","","","","","","","","","","",""
"박상현","Z","김지성","T","Hidden Track","2021-04-20","￦100,000","￦0","","","","","","","","","","","","","","","","","","",""
"김지성","T","박상현","Z","Polaris Rhapsody","2021-04-20","￦100,000","￦0","","","","","","","","","","","","","","","","","","",""
"김지성","T","박상현","Z","Ultimate Stream","2021-04-20","￦100,000","￦100,000","","","","","","","","","","","","","","","","","","",""
"김지성","T","박상현","Z","Ultimate Stream","2021-04-20","￦100,000","￦0","","","","","","","","","","","","","","","","","","",""
"김지성","T","박상현","Z","Polaris Rhapsody","2021-04-20","￦100,000","￦0","","","","","","","","","","","","","","","","","","",""
"박상현","Z","유영진","T","Eclipse","2021-04-30","￦100,000","￦0","","","","","","","","","","","","","","","","","","",""
"유영진","T","박상현","Z","Polypoid","2021-04-30","￦100,000","￦0","","","","","","","","","","","","","","","","","","",""
"유영진","T","박상현","Z","Hidden Track","2021-04-30","￦100,000","￦0","","","","","","","","","","","","","","","","","","",""
"유영진","T","박상현","Z","Polaris Rhapsody","2021-04-30","￦100,000","￦0","","","","","","","","","","","","","","","","","","",""
"유영진","T","박상현","Z","Ultimate Stream","2021-04-30","￦100,000","￦100,000","","","","","","","","","","","","","","","","","","",""
"박상현","Z","유영진","T","Ascension","2021-04-30","￦100,000","￦0","","","","","","","","","","","","","","","","","","",""
"박상현","Z","유영진","T","Fighting Spirit","2021-04-30","￦100,000","￦0","","","","","","","","","","","","","","","","","","",""
"박상현","Z","유영진","T","Polypoid","2021-04-30","￦100,000","￦100,000","","","","","","","","","","","","","","","","","","",""
"박상현","Z","유영진","T","Eclipse","2021-04-30","￦100,000","￦0","","","","","","","","","","","","","","","","","","",""
"최호선","T","박상현","Z","Hidden Track","2021-05-03","￦100,000","￦0","","","","","","","","","","","","","","","","","","",""
"최호선","T","박상현","Z","Polypoid","2021-05-03","￦100,000","￦0","","","","","","","","","","","","","","","","","","",""
"박상현","Z","최호선","T","Ultimate Stream","2021-05-03","￦100,000","￦100,000","","","","","","","","","","","","","","","","","","",""
"최호선","T","박상현","Z","Fighting Spirit","2021-05-03","￦100,000","￦0","","","","","","","","","","","","","","","","","","",""
"최호선","T","박상현","Z","Polaris Rhapsody","2021-05-03","￦100,000","￦0","","","","","","","","","","","","","","","","","","",""
"박상현","Z","최호선","T","Eclipse","2021-05-03","￦100,000","￦0","","","","","","","","","","","","","","","","","","",""
"최호선","T","박상현","Z","Ascension","2021-05-03","￦100,000","￦0","","","","","","","","","","","","","","","","","","",""
"최호선","T","박상현","Z","Ultimate Stream","2021-05-03","￦100,000","￦0","","","","","","","","","","","","","","","","","","",""
"박상현","Z","최호선","T","Polypoid","2021-05-03","￦100,000","￦100,000","","","","","","","","","","","","","","","","","","",""
"송병구","P","최호선","T","Hidden Track","2021-05-07","￦100,000","￦0","","","","","","","","","","","","","","","","","","",""
"최호선","T","송병구","P","Polypoid","2021-05-07","￦100,000","￦0","","","","","","","","","","","","","","","","","","",""
"송병구","P","최호선","T","Polaris Rhapsody","2021-05-07","￦100,000","￦100,000","","","","","","","","","","","","","","","","","","",""
"최호선","T","송병구","P","Ultimate Stream","2021-05-07","￦100,000","￦0","","","","","","","","","","","","","","","","","","",""
"송병구","P","최호선","T","Ascension","2021-05-07","￦100,000","￦0","","","","","","","","","","","","","","","","","","",""
"송병구","P","최호선","T","Fighting Spirit","2021-05-07","￦100,000","￦0","","","","","","","","","","","","","","","","","","",""
"송병구","P","최호선","T","Eclipse","2021-05-07","￦100,000","￦0","","","","","","","","","","","","","","","","","","",""
"최호선","T","송병구","P","Fighting Spirit","2021-05-07","￦100,000","￦100,000","","","","","","","","","","","","","","","","","","",""
"송병구","P","최호선","T","Polaris Rhapsody","2021-05-07","￦100,000","￦0","","","","","","","","","","","","","","","","","","",""
"조기석","T","송병구","P","Polypoid","2021-05-14","￦100,000","￦0","","","","","","","","","","","","","","","","","","",""
"조기석","T","송병구","P","Hidden Track","2021-05-14","￦100,000","￦0","","","","","","","","","","","","","","","","","","",""
"조기석","T","송병구","P","Eclipse","2021-05-14","￦100,000","￦100,000","","","","","","","","","","","","","","","","","","",""
"송병구","P","조기석","T","Ultimate Stream","2021-05-14","￦100,000","￦0","","","","","","","","","","","","","","","","","","",""
"조기석","T","송병구","P","Fighting Spirit","2021-05-14","￦100,000","￦100,000","","","","","","","","","","","","","","","","","","",""
"조기석","T","송병구","P","Polaris Rhapsody","2021-05-14","￦100,000","￦0","","","","","","","","","","","","","","","","","","",""
"조기석","T","송병구","P","Ascension","2021-05-14","￦100,000","￦0","","","","","","","","","","","","","","","","","","",""
"조기석","T","송병구","P","Eclipse","2021-05-14","￦100,000","￦0","","","","","","","","","","","","","","","","","","",""
"송병구","P","조기석","T","Ultimate Stream","2021-05-14","￦100,000","￦0","","","","","","","","","","","","","","","","","","",""
"김민철","Z","조기석","T","Ultimate Stream","2021-05-28","￦100,000","￦100,000","","","","","","","","","","","","","","","","","","",""
"김민철","Z","조기석","T","Fighting Spirit","2021-05-28","￦100,000","￦0","","","","","","","","","","","","","","","","","","",""
"김민철","Z","조기석","T","Eclipse","2021-05-28","￦100,000","￦0","","","","","","","","","","","","","","","","","","",""
"조기석","T","김민철","Z","Hidden Track","2021-05-28","￦100,000","￦0","","","","","","","","","","","","","","","","","","",""
"김민철","Z","조기석","T","Ascension","2021-05-28","￦100,000","￦0","","","","","","","","","","","","","","","","","","",""
"김민철","Z","조기석","T","Polypoid","2021-05-28","￦100,000","￦0","","","","","","","","","","","","","","","","","","",""
"김민철","Z","조기석","T","Polaris Rhapsody","2021-05-28","￦100,000","￦0","","","","","","","","","","","","","","","","","","",""
"조기석","T","김민철","Z","Fighting Spirit","2021-05-28","￦100,000","￦100,000","","","","","","","","","","","","","","","","","","",""
"김민철","Z","조기석","T","Ultimate Stream","2021-05-28","￦100,000","￦0","","","","","","","","","","","","","","","","","","",""
"김민철","Z","장윤철","P","Fighting Spirit","2021-05-31","￦100,000","￦0","","","","","","","","","","","","","","","","","","",""
"장윤철","P","김민철","Z","Ascension","2021-05-31","￦100,000","￦0","","","","","","","","","","","","","","","","","","",""
"장윤철","P","김민철","Z","Hidden Track","2021-05-31","￦100,000","￦100,000","","","","","","","","","","","","","","","","","","",""
"김민철","Z","장윤철","P","Ultimate Stream","2021-05-31","￦100,000","￦0","","","","","","","","","","","","","","","","","","",""
"장윤철","P","김민철","Z","Eclipse","2021-05-31","￦100,000","￦0","","","","","","","","","","","","","","","","","","",""
"장윤철","P","김민철","Z","Polypoid","2021-05-31","￦100,000","￦0","","","","","","","","","","","","","","","","","","",""
"장윤철","P","김민철","Z","Polaris Rhapsody","2021-05-31","￦100,000","￦0","","","","","","","","","","","","","","","","","","",""
"장윤철","P","김민철","Z","Ultimate Stream","2021-05-31","￦100,000","￦0","","","","","","","","","","","","","","","","","","",""
"김민철","Z","장윤철","P","Hidden Track","2021-05-31","￦100,000","￦100,000","","","","","","","","","","","","","","","","","","",""
"장윤철","P","조일장","Z","Hidden Track","2021-06-18","￦100,000","￦0","","","","","","","","","","","","","","","","","","",""
"조일장","Z","장윤철","P","Polypoid","2021-06-18","￦100,000","￦0","","","","","","","","","","","","","","","","","","",""
"조일장","Z","장윤철","P","Polaris Rhapsody","2021-06-18","￦100,000","￦0","","","","","","","","","","","","","","","","","","",""
"조일장","Z","장윤철","P","Ascension","2021-06-18","￦100,000","￦0","","","","","","","","","","","","","","","","","","",""
"조일장","Z","장윤철","P","Eclipse","2021-06-18","￦100,000","￦0","","","","","","","","","","","","","","","","","","",""
"조일장","Z","장윤철","P","Ultimate Stream","2021-06-18","￦100,000","￦0","","","","","","","","","","","","","","","","","","",""
"조일장","Z","장윤철","P","Fighting Spirit","2021-06-18","￦100,000","￦100,000","","","","","","","","","","","","","","","","","","",""
"조일장","Z","장윤철","P","Ascension","2021-06-18","￦100,000","￦0","","","","","","","","","","","","","","","","","","",""
"장윤철","P","조일장","Z","Fighting Spirit","2021-06-18","￦100,000","￦100,000","","","","","","","","","","","","","","","","","","",""
"이재호","T","조일장","Z","Fighting Spirit","2021-06-29","￦100,000","￦0","","","","","","","","","","","","","","","","","","",""
"조일장","Z","이재호","T","Ultimate Stream","2021-06-29","￦100,000","￦0","","","","","","","","","","","","","","","","","","",""
"이재호","T","조일장","Z","Polypoid","2021-06-29","￦100,000","￦0","","","","","","","","","","","","","","","","","","",""
"이재호","T","조일장","Z","Ascension","2021-06-29","￦100,000","￦0","","","","","","","","","","","","","","","","","","",""
"이재호","T","조일장","Z","Hidden Track","2021-06-29","￦100,000","￦0","","","","","","","","","","","","","","","","","","",""
"조일장","Z","이재호","T","Polaris Rhapsody","2021-06-29","￦100,000","￦0","","","","","","","","","","","","","","","","","","",""
"이재호","T","조일장","Z","Eclipse","2021-06-29","￦100,000","￦0","","","","","","","","","","","","","","","","","","",""
"조일장","Z","이재호","T","Ultimate Stream","2021-06-29","￦100,000","￦100,000","","","","","","","","","","","","","","","","","","",""
"조일장","Z","이재호","T","Fighting Spirit","2021-06-29","￦100,000","￦100,000","","","","","","","","","","","","","","","","","","",""
"이재호","T","김명운","Z","Polypoid","2021-07-02","￦100,000","￦0","","","","","","","","","","","","","","","","","","",""
"이재호","T","김명운","Z","Polaris Rhapsody","2021-07-02","￦100,000","￦0","","","","","","","","","","","","","","","","","","",""
"김명운","Z","이재호","T","Ultimate Stream","2021-07-02","￦100,000","￦0","","","","","","","","","","","","","","","","","","",""
"이재호","T","김명운","Z","Fighting Spirit","2021-07-02","￦100,000","￦100,000","","","","","","","","","","","","","","","","","","",""
"김명운","Z","이재호","T","Hidden Track","2021-07-02","￦100,000","￦0","","","","","","","","","","","","","","","","","","",""
"이재호","T","김명운","Z","Eclipse","2021-07-02","￦100,000","￦0","","","","","","","","","","","","","","","","","","",""
"이재호","T","김명운","Z","Ascension","2021-07-02","￦100,000","￦0","","","","","","","","","","","","","","","","","","",""
"김명운","Z","이재호","T","Ultimate Stream","2021-07-02","￦100,000","￦100,000","","","","","","","","","","","","","","","","","","",""
"이재호","T","김명운","Z","Fighting Spirit","2021-07-02","￦100,000","￦0","","","","","","","","","","","","","","","","","","",""
"이재호","T","변현제","P","Ascension","2021-07-04","￦100,000","￦0","","","","","","","","","","","","","","","","","","",""
"이재호","T","변현제","P","Polaris Rhapsody","2021-07-04","￦100,000","￦100,000","","","","","","","","","","","","","","","","","","",""
"이재호","T","변현제","P","Eclipse","2021-07-04","￦100,000","￦0","","","","","","","","","","","","","","","","","","",""
"이재호","T","변현제","P","Fighting Spirit","2021-07-04","￦100,000","￦0","","","","","","","","","","","","","","","","","","",""
"변현제","P","이재호","T","Ultimate Stream","2021-07-04","￦100,000","￦0","","","","","","","","","","","","","","","","","","",""
"이재호","T","변현제","P","Polypoid","2021-07-04","￦100,000","￦100,000","","","","","","","","","","","","","","","","","","",""
"변현제","P","이재호","T","Hidden Track","2021-07-04","￦100,000","￦0","","","","","","","","","","","","","","","","","","",""
"이재호","T","변현제","P","Polypoid","2021-07-04","￦100,000","￦0","","","","","","","","","","","","","","","","","","",""
"이재호","T","변현제","P","Polaris Rhapsody","2021-07-04","￦100,000","￦0","","","","","","","","","","","","","","","","","","",""
"임홍규","Z","이재호","T","Ultimate Stream","2021-07-13","￦100,000","￦0","","","","","","","","","","","","","","","","","","",""
"임홍규","Z","이재호","T","Fighting Spirit","2021-07-13","￦100,000","￦100,000","","","","","","","","","","","","","","","","","","",""
"임홍규","Z","이재호","T","Eclipse","2021-07-13","￦100,000","￦0","","","","","","","","","","","","","","","","","","",""
"임홍규","Z","이재호","T","Polypoid","2021-07-13","￦100,000","￦0","","","","","","","","","","","","","","","","","","",""
"임홍규","Z","이재호","T","Ascension","2021-07-13","￦100,000","￦0","","","","","","","","","","","","","","","","","","",""
"임홍규","Z","이재호","T","Polaris Rhapsody","2021-07-13","￦100,000","￦0","","","","","","","","","","","","","","","","","","",""
"이재호","T","임홍규","Z","Hidden Track","2021-07-13","￦100,000","￦0","","","","","","","","","","","","","","","","","","",""
"임홍규","Z","이재호","T","Ultimate Stream","2021-07-13","￦100,000","￦100,000","","","","","","","","","","","","","","","","","","",""
"임홍규","Z","이재호","T","Fighting Spirit","2021-07-13","￦100,000","￦0","","","","","","","","","","","","","","","","","","",""
"김성대","Z","유영진","T","Polaris Rhapsody","2021-07-18","￦100,000","￦0","","","","","","","","","","","","","","","","","","",""
"유영진","T","김성대","Z","Polypoid","2021-07-18","￦100,000","￦0","","","","","","","","","","","","","","","","","","",""
"유영진","T","김성대","Z","Ultimate Stream","2021-07-18","￦100,000","￦100,000","","","","","","","","","","","","","","","","","","",""
"유영진","T","김성대","Z","Ascension","2021-07-18","￦100,000","￦0","","","","","","","","","","","","","","","","","","",""
"유영진","T","김성대","Z","Eclipse","2021-07-18","￦100,000","￦100,000","","","","","","","","","","","","","","","","","","",""
"유영진","T","김성대","Z","Hidden Track","2021-07-18","￦100,000","￦0","","","","","","","","","","","","","","","","","","",""
"김성대","Z","유영진","T","Fighting Spirit","2021-07-18","￦100,000","￦0","","","","","","","","","","","","","","","","","","",""
"김성대","Z","유영진","T","Eclipse","2021-07-18","￦100,000","￦0","","","","","","","","","","","","","","","","","","",""
"김성대","Z","유영진","T","Polypoid","2021-07-18","￦100,000","￦0","","","","","","","","","","","","","","","","","","",""
"유영진","T","도재욱","P","Ascension","2021-08-02","￦100,000","￦100,000","","","","","","","","","","","","","","","","","","",""
"도재욱","P","유영진","T","Ultimate Stream","2021-08-02","￦100,000","￦0","","","","","","","","","","","","","","","","","","",""
"도재욱","P","유영진","T","Fighting Spirit","2021-08-02","￦100,000","￦100,000","","","","","","","","","","","","","","","","","","",""
"유영진","T","도재욱","P","Polypoid","2021-08-02","￦100,000","￦0","","","","","","","","","","","","","","","","","","",""
"도재욱","P","유영진","T","Eclipse","2021-08-02","￦100,000","￦0","","","","","","","","","","","","","","","","","","",""
"도재욱","P","유영진","T","Hidden Track","2021-08-02","￦100,000","￦0","","","","","","","","","","","","","","","","","","",""
"유영진","T","도재욱","P","Polaris Rhapsody","2021-08-02","￦100,000","￦0","","","","","","","","","","","","","","","","","","",""
"도재욱","P","유영진","T","Ascension","2021-08-02","￦100,000","￦0","","","","","","","","","","","","","","","","","","",""
"도재욱","P","유영진","T","Polypoid","2021-08-02","￦100,000","￦0","","","","","","","","","","","","","","","","","","",""
"정영재","T","도재욱","P","Polypoid","2021-08-21","￦100,000","￦0","","","","","","","","","","","","","","","","","","",""
"도재욱","P","정영재","T","Ascension","2021-08-21","￦100,000","￦100,000","","","","","","","","","","","","","","","","","","",""
"도재욱","P","정영재","T","Fighting Spirit","2021-08-21","￦100,000","￦100,000","","","","","","","","","","","","","","","","","","",""
"도재욱","P","정영재","T","Hidden Track","2021-08-21","￦100,000","￦0","","","","","","","","","","","","","","","","","","",""
"정영재","T","도재욱","P","Eclipse","2021-08-21","￦100,000","￦0","","","","","","","","","","","","","","","","","","",""
"도재욱","P","정영재","T","Ultimate Stream","2021-08-21","￦100,000","￦0","","","","","","","","","","","","","","","","","","",""
"도재욱","P","정영재","T","Polaris Rhapsody","2021-08-21","￦100,000","￦0","","","","","","","","","","","","","","","","","","",""
"도재욱","P","정영재","T","Polypoid","2021-08-21","￦100,000","￦0","","","","","","","","","","","","","","","","","","",""
"정영재","T","도재욱","P","Fighting Spirit","2021-08-21","￦100,000","￦0","","","","","","","","","","","","","","","","","","",""
"김지성","T","도재욱","P","Polypoid","2021-08-26","￦100,000","￦0","","","","","","","","","","","","","","","","","","",""
"도재욱","P","김지성","T","Ascension","2021-08-26","￦100,000","￦100,000","","","","","","","","","","","","","","","","","","",""
"김지성","T","도재욱","P","Eclipse","2021-08-26","￦100,000","￦0","","","","","","","","","","","","","","","","","","",""
"도재욱","P","김지성","T","Ultimate Stream","2021-08-26","￦100,000","￦0","","","","","","","","","","","","","","","","","","",""
"김지성","T","도재욱","P","Fighting Spirit","2021-08-26","￦100,000","￦0","","","","","","","","","","","","","","","","","","",""
"도재욱","P","김지성","T","Hidden Track","2021-08-26","￦100,000","￦0","","","","","","","","","","","","","","","","","","",""
"김지성","T","도재욱","P","Polaris Rhapsody","2021-08-26","￦100,000","￦0","","","","","","","","","","","","","","","","","","",""
"김지성","T","도재욱","P","Ascension","2021-08-26","￦100,000","￦0","","","","","","","","","","","","","","","","","","",""
"도재욱","P","김지성","T","Ultimate Stream","2021-08-26","￦100,000","￦100,000","","","","","","","","","","","","","","","","","","",""
"김지성","T","김명운","Z","Good Night","2021-09-03","￦100,000","￦0","","","","","","","","","","","","","","","","","","",""
"김명운","Z","김지성","T","Largo","2021-09-03","￦100,000","￦0","","","","","","","","","","","","","","","","","","",""
"김명운","Z","김지성","T","Eclipse","2021-09-03","￦100,000","￦0","","","","","","","","","","","","","","","","","","",""
"김명운","Z","김지성","T","Revolver","2021-09-03","￦100,000","￦100,000","","","","","","","","","","","","","","","","","","",""
"김지성","T","김명운","Z","Polypoid","2021-09-03","￦100,000","￦100,000","","","","","","","","","","","","","","","","","","",""
"김명운","Z","김지성","T","Lemon","2021-09-03","￦100,000","￦0","","","","","","","","","","","","","","","","","","",""
"김지성","T","김명운","Z","Ascension","2021-09-03","￦100,000","￦0","","","","","","","","","","","","","","","","","","",""
"김명운","Z","김지성","T","Good Night","2021-09-03","￦100,000","￦0","","","","","","","","","","","","","","","","","","",""
"김명운","Z","김지성","T","Eclipse","2021-09-03","￦100,000","￦0","","","","","","","","","","","","","","","","","","",""
"변현제","P","김명운","Z","Eclipse","2021-09-10","￦100,000","￦0","","","","","","","","","","","","","","","","","","",""
"김명운","Z","변현제","P","Largo","2021-09-10","￦100,000","￦100,000","","","","","","","","","","","","","","","","","","",""
"변현제","P","김명운","Z","Ascension","2021-09-10","￦100,000","￦100,000","","","","","","","","","","","","","","","","","","",""
"변현제","P","김명운","Z","Good Night","2021-09-10","￦100,000","￦0","","","","","","","","","","","","","","","","","","",""
"김명운","Z","변현제","P","Polypoid","2021-09-10","￦100,000","￦0","","","","","","","","","","","","","","","","","","",""
"변현제","P","김명운","Z","Revolver","2021-09-10","￦100,000","￦0","","","","","","","","","","","","","","","","","","",""
"변현제","P","김명운","Z","Lemon","2021-09-10","￦100,000","￦0","","","","","","","","","","","","","","","","","","",""
"김명운","Z","변현제","P","Polypoid","2021-09-10","￦100,000","￦0","","","","","","","","","","","","","","","","","","",""
"변현제","P","김명운","Z","Ascension","2021-09-10","￦100,000","￦0","","","","","","","","","","","","","","","","","","",""
"김민철","Z","황병영","T","Largo","2021-09-25","￦100,000","￦0","","","","","","","","","","","","","","","","","","",""
"황병영","T","김민철","Z","Polypoid","2021-09-25","￦100,000","￦0","","","","","","","","","","","","","","","","","","",""
"김민철","Z","황병영","T","Ascension","2021-09-25","￦100,000","￦100,000","","","","","","","","","","","","","","","","","","",""
"황병영","T","김민철","Z","Eclipse","2021-09-25","￦100,000","￦100,000","","","","","","","","","","","","","","","","","","",""
"황병영","T","김민철","Z","Lemon","2021-09-25","￦100,000","￦0","","","","","","","","","","","","","","","","","","",""
"김민철","Z","황병영","T","Good Night","2021-09-25","￦100,000","￦0","","","","","","","","","","","","","","","","","","",""
"김민철","Z","황병영","T","Revolver","2021-09-25","￦100,000","￦0","","","","","","","","","","","","","","","","","","",""
"김민철","Z","황병영","T","Largo","2021-09-25","￦100,000","￦0","","","","","","","","","","","","","","","","","","",""
"김민철","Z","황병영","T","Good Night","2021-09-25","￦100,000","￦0","","","","","","","","","","","","","","","","","","",""
"김민철","Z","변현제","P","Largo","2021-09-30","￦100,000","￦0","","","","","","","","","","","","","","","","","","",""
"변현제","P","김민철","Z","Eclipse","2021-09-30","￦100,000","￦0","","","","","","","","","","","","","","","","","","",""
"김민철","Z","변현제","P","Good Night","2021-09-30","￦100,000","￦0","","","","","","","","","","","","","","","","","","",""
"김민철","Z","변현제","P","Ascension","2021-09-30","￦100,000","￦100,000","","","","","","","","","","","","","","","","","","",""
"변현제","P","김민철","Z","Polypoid","2021-09-30","￦100,000","￦0","","","","","","","","","","","","","","","","","","",""
"김민철","Z","변현제","P","Lemon","2021-09-30","￦100,000","￦0","","","","","","","","","","","","","","","","","","",""
"변현제","P","김민철","Z","Revolver","2021-09-30","￦100,000","￦0","","","","","","","","","","","","","","","","","","",""
"변현제","P","김민철","Z","Largo","2021-09-30","￦100,000","￦100,000","","","","","","","","","","","","","","","","","","",""
"김민철","Z","변현제","P","Good Night","2021-09-30","￦100,000","￦0","","","","","","","","","","","","","","","","","","",""
"김민철","Z","이재호","T","Revolver","2021-10-11","￦100,000","￦0","","","","","","","","","","","","","","","","","","",""
"이재호","T","김민철","Z","Ascension","2021-10-11","￦100,000","￦0","","","","","","","","","","","","","","","","","","",""
"이재호","T","김민철","Z","Largo","2021-10-11","￦100,000","￦0","","","","","","","","","","","","","","","","","","",""
"이재호","T","김민철","Z","Lemon","2021-10-11","￦100,000","￦0","","","","","","","","","","","","","","","","","","",""
"김민철","Z","이재호","T","Good Night","2021-10-11","￦100,000","￦0","","","","","","","","","","","","","","","","","","",""
"김민철","Z","이재호","T","Eclipse","2021-10-11","￦100,000","￦0","","","","","","","","","","","","","","","","","","",""
"이재호","T","김민철","Z","Polypoid","2021-10-11","￦100,000","￦0","","","","","","","","","","","","","","","","","","",""
"이재호","T","김민철","Z","Ascension","2021-10-11","￦100,000","￦100,000","","","","","","","","","","","","","","","","","","",""
"이재호","T","김민철","Z","Largo","2021-10-11","￦100,000","￦100,000","","","","","","","","","","","","","","","","","","",""
"장윤철","P","이재호","T","Ascension","2021-10-22","￦100,000","￦0","","","","","","","","","","","","","","","","","","",""
"장윤철","P","이재호","T","Polypoid","2021-10-22","￦100,000","￦100,000","","","","","","","","","","","","","","","","","","",""
"이재호","T","장윤철","P","Revolver","2021-10-22","￦100,000","￦0","","","","","","","","","","","","","","","","","","",""
"이재호","T","장윤철","P","Eclipse","2021-10-22","￦100,000","￦0","","","","","","","","","","","","","","","","","","",""
"장윤철","P","이재호","T","Largo","2021-10-22","￦100,000","￦0","","","","","","","","","","","","","","","","","","",""
"장윤철","P","이재호","T","Good Night","2021-10-22","￦100,000","￦0","","","","","","","","","","","","","","","","","","",""
"장윤철","P","이재호","T","Lemon","2021-10-22","￦100,000","￦0","","","","","","","","","","","","","","","","","","",""
"이재호","T","장윤철","P","Polypoid","2021-10-22","￦100,000","￦0","","","","","","","","","","","","","","","","","","",""
"장윤철","P","이재호","T","Ascension","2021-10-22","￦100,000","￦100,000","","","","","","","","","","","","","","","","","","",""
"박상현","Z","장윤철","P","Polypoid","2021-10-25","￦100,000","￦0","","","","","","","","","","","","","","","","","","",""
"박상현","Z","장윤철","P","Ascension","2021-10-25","￦100,000","￦0","","","","","","","","","","","","","","","","","","",""
"장윤철","P","박상현","Z","Eclipse","2021-10-25","￦100,000","￦0","","","","","","","","","","","","","","","","","","",""
"박상현","Z","장윤철","P","Largo","2021-10-25","￦100,000","￦0","","","","","","","","","","","","","","","","","","",""
"장윤철","P","박상현","Z","Revolver","2021-10-25","￦100,000","￦100,000","","","","","","","","","","","","","","","","","","",""
"박상현","Z","장윤철","P","Lemon","2021-10-25","￦100,000","￦0","","","","","","","","","","","","","","","","","","",""
"박상현","Z","장윤철","P","Good Night","2021-10-25","￦100,000","￦100,000","","","","","","","","","","","","","","","","","","",""
"박상현","Z","장윤철","P","Revolver","2021-10-25","￦100,000","￦0","","","","","","","","","","","","","","","","","","",""
"박상현","Z","장윤철","P","Ascension","2021-10-25","￦100,000","￦0","","","","","","","","","","","","","","","","","","",""
"유영진","T","박상현","Z","Polypoid","2021-10-28","￦100,000","￦0","","","","","","","","","","","","","","","","","","",""
"박상현","Z","유영진","T","Eclipse","2021-10-28","￦100,000","￦0","","","","","","","","","","","","","","","","","","",""
"유영진","T","박상현","Z","Revolver","2021-10-28","￦100,000","￦0","","","","","","","","","","","","","","","","","","",""
"박상현","Z","유영진","T","Good Night","2021-10-28","￦100,000","￦0","","","","","","","","","","","","","","","","","","",""
"유영진","T","박상현","Z","Lemon","2021-10-28","￦100,000","￦100,000","","","","","","","","","","","","","","","","","","",""
"유영진","T","박상현","Z","Ascension","2021-10-28","￦100,000","￦0","","","","","","","","","","","","","","","","","","",""
"박상현","Z","유영진","T","Largo","2021-10-28","￦100,000","￦0","","","","","","","","","","","","","","","","","","",""
"박상현","Z","유영진","T","Revolver","2021-10-28","￦100,000","￦0","","","","","","","","","","","","","","","","","","",""
"박상현","Z","유영진","T","Polypoid","2021-10-28","￦100,000","￦100,000","","","","","","","","","","","","","","","","","","",""
"도재욱","P","박상현","Z","Ascension","2021-10-30","￦100,000","￦0","","","","","","","","","","","","","","","","","","",""
"박상현","Z","도재욱","P","Polypoid","2021-10-30","￦100,000","￦0","","","","","","","","","","","","","","","","","","",""
"박상현","Z","도재욱","P","Revolver","2021-10-30","￦100,000","￦0","","","","","","","","","","","","","","","","","","",""
"도재욱","P","박상현","Z","Lemon","2021-10-30","￦100,000","￦100,000","","","","","","","","","","","","","","","","","","",""
"박상현","Z","도재욱","P","Largo","2021-10-30","￦100,000","￦0","","","","","","","","","","","","","","","","","","",""
"박상현","Z","도재욱","P","Eclipse","2021-10-30","￦100,000","￦0","","","","","","","","","","","","","","","","","","",""
"박상현","Z","도재욱","P","Good Night","2021-10-30","￦100,000","￦100,000","","","","","","","","","","","","","","","","","","",""
"박상현","Z","도재욱","P","Revolver","2021-10-30","￦100,000","￦0","","","","","","","","","","","","","","","","","","",""
"도재욱","P","박상현","Z","Ascension","2021-10-30","￦100,000","￦0","","","","","","","","","","","","","","","","","","",""
"김지성","T","박상현","Z","Good Night","2021-11-06","￦100,000","￦0","","","","","","","","","","","","","","","","","","",""
"김지성","T","박상현","Z","Polypoid","2021-11-06","￦100,000","￦0","","","","","","","","","","","","","","","","","","",""
"박상현","Z","김지성","T","Largo","2021-11-06","￦100,000","￦0","","","","","","","","","","","","","","","","","","",""
"김지성","T","박상현","Z","Ascension","2021-11-06","￦100,000","￦100,000","","","","","","","","","","","","","","","","","","",""
"박상현","Z","김지성","T","Eclipse","2021-11-06","￦100,000","￦0","","","","","","","","","","","","","","","","","","",""
"박상현","Z","김지성","T","Lemon","2021-11-06","￦100,000","￦0","","","","","","","","","","","","","","","","","","",""
"박상현","Z","김지성","T","Revolver","2021-11-06","￦100,000","￦0","","","","","","","","","","","","","","","","","","",""
"박상현","Z","김지성","T","Good Night","2021-11-06","￦100,000","￦100,000","","","","","","","","","","","","","","","","","","",""
"김지성","T","박상현","Z","Ascension","2021-11-06","￦100,000","￦0","","","","","","","","","","","","","","","","","","",""
"변현제","P","박상현","Z","Eclipse","2021-11-13","￦100,000","￦0","","","","","","","","","","","","","","","","","","",""
"박상현","Z","변현제","P","Good Night","2021-11-13","￦100,000","￦100,000","","","","","","","","","","","","","","","","","","",""
"박상현","Z","변현제","P","Ascension","2021-11-13","￦100,000","￦100,000","","","","","","","","","","","","","","","","","","",""
"박상현","Z","변현제","P","Lemon","2021-11-13","￦100,000","￦0","","","","","","","","","","","","","","","","","","",""
"변현제","P","박상현","Z","Revolver","2021-11-13","￦100,000","￦0","","","","","","","","","","","","","","","","","","",""
"박상현","Z","변현제","P","Largo","2021-11-13","￦100,000","￦0","","","","","","","","","","","","","","","","","","",""
"박상현","Z","변현제","P","Polypoid","2021-11-13","￦100,000","￦0","","","","","","","","","","","","","","","","","","",""
"변현제","P","박상현","Z","Revolver","2021-11-13","￦100,000","￦0","","","","","","","","","","","","","","","","","","",""
"변현제","P","박상현","Z","Largo","2021-11-13","￦100,000","￦0","","","","","","","","","","","","","","","","","","",""
"박상현","Z","이재호","T","Ascension","2021-11-30","￦100,000","￦0","","","","","","","","","","","","","","","","","","",""
"박상현","Z","이재호","T","Polypoid","2021-11-30","￦100,000","￦100,000","","","","","","","","","","","","","","","","","","",""
"박상현","Z","이재호","T","Eclipse","2021-11-30","￦100,000","￦0","","","","","","","","","","","","","","","","","","",""
"이재호","T","박상현","Z","Allegro","2021-11-30","￦100,000","￦0","","","","","","","","","","","","","","","","","","",""
"이재호","T","박상현","Z","Lemon","2021-11-30","￦100,000","￦0","","","","","","","","","","","","","","","","","","",""
"박상현","Z","이재호","T","Good Night","2021-11-30","￦100,000","￦100,000","","","","","","","","","","","","","","","","","","",""
"박상현","Z","이재호","T","Revolver","2021-11-30","￦100,000","￦0","","","","","","","","","","","","","","","","","","",""
"이재호","T","박상현","Z","Revolver","2021-11-30","￦100,000","￦0","","","","","","","","","","","","","","","","","","",""
"박상현","Z","이재호","T","Good Night","2021-11-30","￦100,000","￦0","","","","","","","","","","","","","","","","","","",""
"김지성","T","김민철","Z","Allegro","2022-01-06","￦100,000","","","","","","","","","","","","","","","","","","","",""
"김민철","Z","김지성","T","Vermeer","2022-01-06","￦100,000","","","","","","","","","","","","","","","","","","","",""
"김지성","T","김민철","Z","Neo Arkanoid","2022-01-06","￦100,000","","","","","","","","","","","","","","","","","","","",""
"김민철","Z","김지성","T","Odyssey","2022-01-06","￦100,000","","","","","","","","","","","","","","","","","","","",""
"김민철","Z","김지성","T","Butter","2022-01-06","￦100,000","","","","","","","","","","","","","","","","","","","",""
"김지성","T","김민철","Z","Neo Sylphid","2022-01-06","￦100,000","","","","","","","","","","","","","","","","","","","",""
"김지성","T","김민철","Z","Nemesis","2022-01-06","￦100,000","","","","","","","","","","","","","","","","","","","",""
"김지성","T","김민철","Z","Odyssey","2022-01-06","￦100,000","￦100,000","","","","","","","","","","","","","","","","","","",""
"김지성","T","김민철","Z","Nemesis","2022-01-06","￦100,000","￦100,000","","","","","","","","","","","","","","","","","","",""
"박상현","Z","유영진","T","Fighting Spirit","2022-01-07","￦100,000","￦0","","","","","","","","","","","","","","","","","","",""
"유영진","T","박상현","Z","Polypoid","2022-01-07","￦100,000","￦0","","","","","","","","","","","","","","","","","","",""
"박상현","Z","유영진","T","Neo Sylphid","2022-01-07","￦100,000","￦100,000","","","","","","","","","","","","","","","","","","",""
"박상현","Z","유영진","T","Allegro","2022-01-07","￦100,000","￦0","","","","","","","","","","","","","","","","","","",""
"유영진","T","박상현","Z","Revolver","2022-01-07","￦100,000","￦0","","","","","","","","","","","","","","","","","","",""
"박상현","Z","유영진","T","Ascension","2022-01-07","￦100,000","","","","","","","","","","","","","","","","","","","",""
"박상현","Z","유영진","T","Eclipse","2022-01-07","￦100,000","￦0","","","","","","","","","","","","","","","","","","",""
"박상현","Z","유영진","T","Eclipse","2022-01-07","￦100,000","￦100,000","","","","","","","","","","","","","","","","","","",""
"유영진","T","박상현","Z","Polypoid","2022-01-07","￦100,000","￦0","","","","","","","","","","","","","","","","","","",""
"김지성","T","변현제","P","Odyssey","2022-01-09","￦100,000","","","","","","","","","","","","","","","","","","","",""
"변현제","P","김지성","T","Nemesis","2022-01-09","￦100,000","","","","","","","","","","","","","","","","","","","",""
"김지성","T","변현제","P","Allegro","2022-01-09","￦100,000","￦100,000","","","","","","","","","","","","","","","","","","",""
"김지성","T","변현제","P","Butter","2022-01-09","￦100,000","","","","","","","","","","","","","","","","","","","",""
"변현제","P","김지성","T","Neo Sylphid","2022-01-09","￦100,000","","","","","","","","","","","","","","","","","","","",""
"김지성","T","변현제","P","Vermeer","2022-01-09","￦100,000","","","","","","","","","","","","","","","","","","","",""
"김지성","T","변현제","P","Neo Arkanoid","2022-01-09","￦100,000","","","","","","","","","","","","","","","","","","","",""
"김지성","T","변현제","P","Butter","2022-01-09","￦100,000","￦100,000","","","","","","","","","","","","","","","","","","",""
"김지성","T","변현제","P","Neo Arkanoid","2022-01-09","￦100,000","","","","","","","","","","","","","","","","","","","",""
"도재욱","P","박상현","Z","Ascension","2022-01-10","￦100,000","￦0","","","","","","","","","","","","","","","","","","",""
"도재욱","P","박상현","Z","Neo Sylphid","2022-01-10","￦100,000","￦100,000","","","","","","","","","","","","","","","","","","",""
"박상현","Z","도재욱","P","Fighting Spirit","2022-01-10","￦100,000","￦0","","","","","","","","","","","","","","","","","","",""
"도재욱","P","박상현","Z","Revolver","2022-01-10","￦100,000","￦100,000","","","","","","","","","","","","","","","","","","",""
"박상현","Z","도재욱","P","Polypoid","2022-01-10","￦100,000","￦0","","","","","","","","","","","","","","","","","","",""
"도재욱","P","박상현","Z","Eclipse","2022-01-10","￦100,000","￦0","","","","","","","","","","","","","","","","","","",""
"도재욱","P","박상현","Z","Allegro","2022-01-10","￦100,000","￦0","","","","","","","","","","","","","","","","","","",""
"도재욱","P","박상현","Z","Polypoid","2022-01-10","￦100,000","￦0","","","","","","","","","","","","","","","","","","",""
"도재욱","P","박상현","Z","Neo Sylphid","2022-01-10","￦100,000","￦0","","","","","","","","","","","","","","","","","","",""
"도재욱","P","김지성","T","Polypoid","2022-01-14","￦100,000","￦0","","","","","","","","","","","","","","","","","","",""
"도재욱","P","김지성","T","Fighting Spirit","2022-01-14","￦100,000","￦0","","","","","","","","","","","","","","","","","","",""
"도재욱","P","김지성","T","Neo Sylphid","2022-01-14","￦100,000","￦100,000","","","","","","","","","","","","","","","","","","",""
"김지성","T","도재욱","P","Ascension","2022-01-14","￦100,000","￦100,000","","","","","","","","","","","","","","","","","","",""
"김지성","T","도재욱","P","Eclipse","2022-01-14","￦100,000","￦0","","","","","","","","","","","","","","","","","","",""
"도재욱","P","김지성","T","Revolver","2022-01-14","￦100,000","￦0","","","","","","","","","","","","","","","","","","",""
"도재욱","P","김지성","T","Allegro","2022-01-14","￦100,000","￦0","","","","","","","","","","","","","","","","","","",""
"도재욱","P","김지성","T","Polypoid","2022-01-14","￦100,000","￦0","","","","","","","","","","","","","","","","","","",""
"도재욱","P","김지성","T","Allegro","2022-01-14","￦100,000","￦0","","","","","","","","","","","","","","","","","","",""
"김지성","T","김성대","Z","Vermeer","2022-01-17","￦100,000","￦100,000","","","","","","","","","","","","","","","","","","",""
"김성대","Z","김지성","T","Neo Sylphid","2022-01-17","￦100,000","￦100,000","","","","","","","","","","","","","","","","","","",""
"김성대","Z","김지성","T","Allegro","2022-01-17","￦100,000","","","","","","","","","","","","","","","","","","","",""
"김지성","T","김성대","Z","Neo Arkanoid","2022-01-17","￦100,000","","","","","","","","","","","","","","","","","","","",""
"김성대","Z","김지성","T","Butter","2022-01-17","￦100,000","","","","","","","","","","","","","","","","","","","",""
"김지성","T","김성대","Z","Nemesis","2022-01-17","￦100,000","","","","","","","","","","","","","","","","","","","",""
"김성대","Z","김지성","T","Odyssey","2022-01-17","￦100,000","","","","","","","","","","","","","","","","","","","",""
"김성대","Z","김지성","T","Butter","2022-01-17","￦100,000","","","","","","","","","","","","","","","","","","","",""
"김지성","T","김성대","Z","Vermeer","2022-01-17","￦100,000","","","","","","","","","","","","","","","","","","","",""
"김명운","Z","도재욱","P","Neo Sylphid","2022-01-21","￦100,000","￦0","","","","","","","","","","","","","","","","","","",""
"김명운","Z","도재욱","P","Revolver","2022-01-21","￦100,000","￦100,000","","","","","","","","","","","","","","","","","","",""
"김명운","Z","도재욱","P","Ascension","2022-01-21","￦100,000","￦0","","","","","","","","","","","","","","","","","","",""
"도재욱","P","김명운","Z","Fighting Spirit","2022-01-21","￦100,000","￦100,000","","","","","","","","","","","","","","","","","","",""
"도재욱","P","김명운","Z","Allegro","2022-01-21","￦100,000","￦0","","","","","","","","","","","","","","","","","","",""
"김명운","Z","도재욱","P","Polypoid","2022-01-21","￦100,000","￦0","","","","","","","","","","","","","","","","","","",""
"도재욱","P","김명운","Z","Eclipse","2022-01-21","￦100,000","￦0","","","","","","","","","","","","","","","","","","",""
"도재욱","P","김명운","Z","Neo Sylphid","2022-01-21","￦100,000","￦0","","","","","","","","","","","","","","","","","","",""
"도재욱","P","김명운","Z","Polypoid","2022-01-21","￦100,000","￦0","","","","","","","","","","","","","","","","","","",""
"정영재","T","도재욱","P","Fighting Spirit","2022-01-25","￦100,000","￦0","","","","","","","","","","","","","","","","","","",""
"도재욱","P","정영재","T","Revolver","2022-01-25","￦100,000","￦0","","","","","","","","","","","","","","","","","","",""
"도재욱","P","정영재","T","Polypoid","2022-01-25","￦100,000","￦0","","","","","","","","","","","","","","","","","","",""
"정영재","T","도재욱","P","Allegro","2022-01-25","￦100,000","￦0","","","","","","","","","","","","","","","","","","",""
"도재욱","P","정영재","T","Neo Sylphid","2022-01-25","￦100,000","￦100,000","","","","","","","","","","","","","","","","","","",""
"도재욱","P","정영재","T","Eclipse","2022-01-25","￦100,000","￦0","","","","","","","","","","","","","","","","","","",""
"정영재","T","도재욱","P","Ascension","2022-01-25","￦100,000","￦0","","","","","","","","","","","","","","","","","","",""
"도재욱","P","정영재","T","Eclipse","2022-01-25","￦100,000","￦0","","","","","","","","","","","","","","","","","","",""
"도재욱","P","정영재","T","Fighting Spirit","2022-01-25","￦100,000","￦100,000","","","","","","","","","","","","","","","","","","",""
"조일장","Z","도재욱","P","Polypoid","2022-01-28","￦100,000","￦0","","","","","","","","","","","","","","","","","","",""
"도재욱","P","조일장","Z","Revolver","2022-01-28","￦100,000","￦0","","","","","","","","","","","","","","","","","","",""
"조일장","Z","도재욱","P","Neo Sylphid","2022-01-28","￦100,000","￦100,000","","","","","","","","","","","","","","","","","","",""
"도재욱","P","조일장","Z","Ascension","2022-01-28","￦100,000","￦0","","","","","","","","","","","","","","","","","","",""
"조일장","Z","도재욱","P","Allegro","2022-01-28","￦100,000","￦0","","","","","","","","","","","","","","","","","","",""
"조일장","Z","도재욱","P","Eclipse","2022-01-28","￦100,000","￦0","","","","","","","","","","","","","","","","","","",""
"조일장","Z","도재욱","P","Fighting Spirit","2022-01-28","￦100,000","￦0","","","","","","","","","","","","","","","","","","",""
"도재욱","P","조일장","Z","Revolver","2022-01-28","￦100,000","￦100,000","","","","","","","","","","","","","","","","","","",""
"도재욱","P","조일장","Z","Neo Sylphid","2022-01-28","￦100,000","￦0","","","","","","","","","","","","","","","","","","",""
"조일장","Z","이재호","T","Vermeer","2022-02-03","￦100,000","￦0","","","","","","","","","","","","","","","","","","",""
"이재호","T","조일장","Z","Eclipse","2022-02-03","￦100,000","￦0","","","","","","","","","","","","","","","","","","",""
"조일장","Z","이재호","T","Revolver","2022-02-03","￦100,000","￦0","","","","","","","","","","","","","","","","","","",""
"이재호","T","조일장","Z","Metaverse","2022-02-03","￦100,000","￦0","","","","","","","","","","","","","","","","","","",""
"이재호","T","조일장","Z","Butter","2022-02-03","￦100,000","￦0","","","","","","","","","","","","","","","","","","",""
"이재호","T","조일장","Z","Monopoly","2022-02-03","￦100,000","￦0","","","","","","","","","","","","","","","","","","",""
"조일장","Z","이재호","T","Allegro","2022-02-03","￦100,000","￦100,000","","","","","","","","","","","","","","","","","","",""
"이재호","T","조일장","Z","Metaverse","2022-02-03","￦100,000","￦100,000","","","","","","","","","","","","","","","","","","",""
"이재호","T","조일장","Z","Vermeer","2022-02-03","￦100,000","￦0","","","","","","","","","","","","","","","","","","",""
"이재호","T","장윤철","P","Revolver","2022-02-06","￦100,000","￦0","","","","","","","","","","","","","","","","","","",""
"장윤철","P","이재호","T","Monopoly","2022-02-06","￦100,000","￦0","","","","","","","","","","","","","","","","","","",""
"이재호","T","장윤철","P","Allegro","2022-02-06","￦100,000","￦0","","","","","","","","","","","","","","","","","","",""
"이재호","T","장윤철","P","Vermeer","2022-02-06","￦100,000","￦0","","","","","","","","","","","","","","","","","","",""
"이재호","T","장윤철","P","Butter","2022-02-06","￦100,000","￦0","","","","","","","","","","","","","","","","","","",""
"장윤철","P","이재호","T","Eclipse","2022-02-06","￦100,000","￦0","","","","","","","","","","","","","","","","","","",""
"이재호","T","장윤철","P","Metaverse","2022-02-06","￦100,000","￦0","","","","","","","","","","","","","","","","","","",""
"이재호","T","장윤철","P","Eclipse","2022-02-06","￦100,000","￦100,000","","","","","","","","","","","","","","","","","","",""
"이재호","T","장윤철","P","Butter","2022-02-06","￦100,000","￦100,000","","","","","","","","","","","","","","","","","","",""
"이재호","T","김성대","Z","Eclipse","2022-02-07","￦100,000","￦0","","","","","","","","","","","","","","","","","","",""
"김성대","Z","이재호","T","Monopoly","2022-02-07","￦100,000","￦100,000","","","","","","","","","","","","","","","","","","",""
"이재호","T","김성대","Z","Metaverse","2022-02-07","￦100,000","￦100,000","","","","","","","","","","","","","","","","","","",""
"이재호","T","김성대","Z","Revolver","2022-02-07","￦100,000","￦0","","","","","","","","","","","","","","","","","","",""
"김성대","Z","이재호","T","Vermeer","2022-02-07","￦100,000","￦0","","","","","","","","","","","","","","","","","","",""
"이재호","T","김성대","Z","Butter","2022-02-07","￦100,000","￦0","","","","","","","","","","","","","","","","","","",""
"이재호","T","김성대","Z","Allegro","2022-02-07","￦100,000","￦0","","","","","","","","","","","","","","","","","","",""
"이재호","T","김성대","Z","Eclipse","2022-02-07","￦100,000","￦0","","","","","","","","","","","","","","","","","","",""
"이재호","T","김성대","Z","Monopoly","2022-02-07","￦100,000","￦0","","","","","","","","","","","","","","","","","","",""
"이재호","T","김민철","Z","Allegro","2022-02-11","￦100,000","￦0","","","","","","","","","","","","","","","","","","",""
"김민철","Z","이재호","T","Metaverse","2022-02-11","￦100,000","￦0","","","","","","","","","","","","","","","","","","",""
"김민철","Z","이재호","T","Butter","2022-02-11","￦100,000","￦0","","","","","","","","","","","","","","","","","","",""
"김민철","Z","이재호","T","Monopoly","2022-02-11","￦100,000","￦0","","","","","","","","","","","","","","","","","","",""
"김민철","Z","이재호","T","Vermeer","2022-02-11","￦100,000","￦0","","","","","","","","","","","","","","","","","","",""
"김민철","Z","이재호","T","Revolver","2022-02-11","￦100,000","￦0","","","","","","","","","","","","","","","","","","",""
"김민철","Z","이재호","T","Eclipse","2022-02-11","￦100,000","￦0","","","","","","","","","","","","","","","","","","",""
"김민철","Z","이재호","T","Butter","2022-02-11","￦100,000","￦100,000","","","","","","","","","","","","","","","","","","",""
"김민철","Z","이재호","T","Allegro","2022-02-11","￦100,000","￦100,000","","","","","","","","","","","","","","","","","","",""
"김민철","Z","김지성","T","Allegro","2022-03-04","￦100,000","￦0","","","","","","","","","","","","","","","","","","",""
"김지성","T","김민철","Z","Eclipse","2022-03-04","￦100,000","￦0","","","","","","","","","","","","","","","","","","",""
"김지성","T","김민철","Z","Vermeer","2022-03-04","￦100,000","￦0","","","","","","","","","","","","","","","","","","",""
"김민철","Z","김지성","T","Monopoly","2022-03-04","￦100,000","￦100,000","","","","","","","","","","","","","","","","","","",""
"김민철","Z","김지성","T","Revolver","2022-03-04","￦100,000","￦0","","","","","","","","","","","","","","","","","","",""
"김지성","T","김민철","Z","Butter","2022-03-04","￦100,000","￦0","","","","","","","","","","","","","","","","","","",""
"김민철","Z","김지성","T","Metaverse","2022-03-04","￦100,000","￦0","","","","","","","","","","","","","","","","","","",""
"김민철","Z","김지성","T","Eclipse","2022-03-04","￦100,000","￦100,000","","","","","","","","","","","","","","","","","","",""
"김지성","T","김민철","Z","Butter","2022-03-04","￦100,000","￦0","","","","","","","","","","","","","","","","","","",""
"변현제","P","정영재","T","Eclipse","2022-03-14","￦100,000","￦0","","","","","","","","","","","","","","","","","","",""
"변현제","P","정영재","T","Allegro","2022-03-14","￦100,000","￦0","","","","","","","","","","","","","","","","","","",""
"변현제","P","정영재","T","Monopoly","2022-03-14","￦100,000","￦100,000","","","","","","","","","","","","","","","","","","",""
"정영재","T","변현제","P","Vermeer","2022-03-14","￦100,000","￦0","","","","","","","","","","","","","","","","","","",""
"정영재","T","변현제","P","Butter","2022-03-14","￦100,000","￦0","","","","","","","","","","","","","","","","","","",""
"변현제","P","정영재","T","Revolver","2022-03-14","￦100,000","￦0","","","","","","","","","","","","","","","","","","",""
"변현제","P","정영재","T","Metaverse","2022-03-14","￦100,000","￦0","","","","","","","","","","","","","","","","","","",""
"변현제","P","정영재","T","Vermeer","2022-03-14","￦100,000","￦0","","","","","","","","","","","","","","","","","","",""
"정영재","T","변현제","P","Metaverse","2022-03-14","￦100,000","￦100,000","","","","","","","","","","","","","","","","","","",""
"김민철","Z","변현제","P","Eclipse","2022-03-25","￦100,000","￦0","","","","","","","","","","","","","","","","","","",""
"김민철","Z","변현제","P","Butter","2022-03-25","￦100,000","￦0","","","","","","","","","","","","","","","","","","",""
"변현제","P","김민철","Z","Monopoly","2022-03-25","￦100,000","￦0","","","","","","","","","","","","","","","","","","",""
"김민철","Z","변현제","P","Vermeer","2022-03-25","￦100,000","￦0","","","","","","","","","","","","","","","","","","",""
"변현제","P","김민철","Z","Revolver","2022-03-25","￦100,000","￦100,000","","","","","","","","","","","","","","","","","","",""
"변현제","P","김민철","Z","Allegro","2022-03-25","￦100,000","￦100,000","","","","","","","","","","","","","","","","","","",""
"변현제","P","김민철","Z","Metaverse","2022-03-25","￦100,000","￦0","","","","","","","","","","","","","","","","","","",""
"변현제","P","김민철","Z","Vermeer","2022-03-25","￦100,000","￦0","","","","","","","","","","","","","","","","","","",""
"김민철","Z","변현제","P","Allegro","2022-03-25","￦100,000","￦0","","","","","","","","","","","","","","","","","","",""
"김명운","Z","변현제","P","Allegro","2022-04-06","￦100,000","￦0","","","","","","","","","","","","","","","","","","",""
"김명운","Z","변현제","P","Revolver","2022-04-06","￦100,000","￦100,000","","","","","","","","","","","","","","","","","","",""
"김명운","Z","변현제","P","Metaverse","2022-04-06","￦100,000","￦0","","","","","","","","","","","","","","","","","","",""
"변현제","P","김명운","Z","Eclipse","2022-04-06","￦100,000","￦0","","","","","","","","","","","","","","","","","","",""
"김명운","Z","변현제","P","Vermeer","2022-04-06","￦100,000","￦100,000","","","","","","","","","","","","","","","","","","",""
"변현제","P","김명운","Z","Monopoly","2022-04-06","￦100,000","￦0","","","","","","","","","","","","","","","","","","",""
"김명운","Z","변현제","P","Butter","2022-04-06","￦100,000","￦0","","","","","","","","","","","","","","","","","","",""
"김명운","Z","변현제","P","Revolver","2022-04-06","￦100,000","￦0","","","","","","","","","","","","","","","","","","",""
"김명운","Z","변현제","P","Eclipse","2022-04-06","￦100,000","￦0","","","","","","","","","","","","","","","","","","",""
"김명운","Z","유영진","T","Allegro","2022-04-13","￦100,000","￦0","","","","","","","","","","","","","","","","","","",""
"유영진","T","김명운","Z","Butter","2022-04-13","￦100,000","￦0","","","","","","","","","","","","","","","","","","",""
"김명운","Z","유영진","T","Eclipse","2022-04-13","￦100,000","￦100,000","","","","","","","","","","","","","","","","","","",""
"김명운","Z","유영진","T","Vermeer","2022-04-13","￦100,000","￦0","","","","","","","","","","","","","","","","","","",""
"유영진","T","김명운","Z","Metaverse","2022-04-13","￦100,000","￦0","","","","","","","","","","","","","","","","","","",""
"유영진","T","김명운","Z","Revolver","2022-04-13","￦100,000","￦0","","","","","","","","","","","","","","","","","","",""
"유영진","T","김명운","Z","Monopoly","2022-04-13","￦100,000","￦0","","","","","","","","","","","","","","","","","","",""
"유영진","T","김명운","Z","Eclipse","2022-04-13","￦100,000","￦0","","","","","","","","","","","","","","","","","","",""
"유영진","T","김명운","Z","Revolver","2022-04-13","￦100,000","￦100,000","","","","","","","","","","","","","","","","","","",""
"도재욱","P","유영진","T","Eclipse","2022-05-04","￦100,000","￦0","","","","","","","","","","","","","","","","","","",""
"유영진","T","도재욱","P","Vermeer","2022-05-04","￦100,000","￦100,000","","","","","","","","","","","","","","","","","","",""
"도재욱","P","유영진","T","Butter","2022-05-04","￦100,000","￦0","","","","","","","","","","","","","","","","","","",""
"도재욱","P","유영진","T","Allegro","2022-05-04","￦100,000","￦0","","","","","","","","","","","","","","","","","","",""
"도재욱","P","유영진","T","Monopoly","2022-05-04","￦100,000","￦0","","","","","","","","","","","","","","","","","","",""
"도재욱","P","유영진","T","Revolver","2022-05-04","￦100,000","￦100,000","","","","","","","","","","","","","","","","","","",""
"도재욱","P","유영진","T","Metaverse","2022-05-04","￦100,000","￦0","","","","","","","","","","","","","","","","","","",""
"도재욱","P","유영진","T","Allegro","2022-05-04","￦100,000","￦0","","","","","","","","","","","","","","","","","","",""
"도재욱","P","유영진","T","Vermeer","2022-05-04","￦100,000","￦0","","","","","","","","","","","","","","","","","","",""
"도재욱","P","박상현","Z","Vermeer","2022-05-06","￦100,000","￦0","","","","","","","","","","","","","","","","","","",""
"박상현","Z","도재욱","P","Allegro","2022-05-06","￦100,000","￦100,000","","","","","","","","","","","","","","","","","","",""
"박상현","Z","도재욱","P","Revolver","2022-05-06","￦100,000","￦100,000","","","","","","","","","","","","","","","","","","",""
"도재욱","P","박상현","Z","Monopoly","2022-05-06","￦100,000","￦0","","","","","","","","","","","","","","","","","","",""
"도재욱","P","박상현","Z","Metaverse","2022-05-06","￦100,000","￦0","","","","","","","","","","","","","","","","","","",""
"박상현","Z","도재욱","P","Eclipse","2022-05-06","￦100,000","￦0","","","","","","","","","","","","","","","","","","",""
"박상현","Z","도재욱","P","Butter","2022-05-06","￦100,000","￦0","","","","","","","","","","","","","","","","","","",""
"박상현","Z","도재욱","P","Revolver","2022-05-06","￦100,000","￦0","","","","","","","","","","","","","","","","","","",""
"박상현","Z","도재욱","P","Monopoly","2022-05-06","￦100,000","￦0","","","","","","","","","","","","","","","","","","",""
"박상현","Z","김지성","T","Allegro","2022-05-13","￦100,000","￦0","","","","","","","","","","","","","","","","","","",""
"박상현","Z","김지성","T","Eclipse","2022-05-13","￦100,000","￦100,000","","","","","","","","","","","","","","","","","","",""
"박상현","Z","김지성","T","Revolver","2022-05-13","￦100,000","￦0","","","","","","","","","","","","","","","","","","",""
"김지성","T","박상현","Z","Metaverse","2022-05-13","￦100,000","￦0","","","","","","","","","","","","","","","","","","",""
"박상현","Z","김지성","T","Vermeer","2022-05-13","￦100,000","￦0","","","","","","","","","","","","","","","","","","",""
"박상현","Z","김지성","T","Monopoly","2022-05-13","￦100,000","￦0","","","","","","","","","","","","","","","","","","",""
"박상현","Z","김지성","T","Butter","2022-05-13","￦100,000","￦0","","","","","","","","","","","","","","","","","","",""
"김지성","T","박상현","Z","Eclipse","2022-05-13","￦100,000","￦0","","","","","","","","","","","","","","","","","","",""
"김지성","T","박상현","Z","Vermeer","2022-05-13","￦100,000","￦100,000","","","","","","","","","","","","","","","","","","",""
"이재호","T","박상현","Z","Allegro","2022-06-12","￦100,000","￦0","","","","","","","","","","","","","","","","","","",""
"박상현","Z","이재호","T","Vermeer","2022-06-12","￦100,000","￦0","","","","","","","","","","","","","","","","","","",""
"이재호","T","박상현","Z","Eclipse","2022-06-12","￦100,000","￦0","","","","","","","","","","","","","","","","","","",""
"박상현","Z","이재호","T","Monopoly","2022-06-12","￦100,000","￦0","","","","","","","","","","","","","","","","","","",""
"박상현","Z","이재호","T","Butter","2022-06-12","￦100,000","￦0","","","","","","","","","","","","","","","","","","",""
"이재호","T","박상현","Z","Revolver","2022-06-12","￦100,000","￦100,000","","","","","","","","","","","","","","","","","","",""
"이재호","T","박상현","Z","Metaverse","2022-06-12","￦100,000","￦0","","","","","","","","","","","","","","","","","","",""
"이재호","T","박상현","Z","Monopoly","2022-06-12","￦100,000","￦100,000","","","","","","","","","","","","","","","","","","",""
"이재호","T","박상현","Z","Vermeer","2022-06-12","￦100,000","￦0","","","","","","","","","","","","","","","","","","",""
"장윤철","P","이재호","T","Eclipse","2022-06-24","￦100,000","￦0","","","","","","","","","","","","","","","","","","",""
"장윤철","P","이재호","T","Metaverse","2022-06-24","￦100,000","￦0","","","","","","","","","","","","","","","","","","",""
"장윤철","P","이재호","T","Monopoly","2022-06-24","￦100,000","￦0","","","","","","","","","","","","","","","","","","",""
"장윤철","P","이재호","T","Allegro","2022-06-24","￦100,000","￦100,000","","","","","","","","","","","","","","","","","","",""
"장윤철","P","이재호","T","Vermeer","2022-06-24","￦100,000","￦0","","","","","","","","","","","","","","","","","","",""
"장윤철","P","이재호","T","Revolver","2022-06-24","￦100,000","￦0","","","","","","","","","","","","","","","","","","",""
"이재호","T","장윤철","P","Butter","2022-06-24","￦100,000","￦0","","","","","","","","","","","","","","","","","","",""
"이재호","T","장윤철","P","Eclipse","2022-06-24","￦100,000","￦100,000","","","","","","","","","","","","","","","","","","",""
"장윤철","P","이재호","T","Revolver","2022-06-24","￦100,000","￦0","","","","","","","","","","","","","","","","","","",""
"장윤철","P","김민철","Z","Vermeer","2022-06-26","￦100,000","￦0","","","","","","","","","","","","","","","","","","",""
"김민철","Z","장윤철","P","Metaverse","2022-06-26","￦100,000","￦0","","","","","","","","","","","","","","","","","","",""
"김민철","Z","장윤철","P","Revolver","2022-06-26","￦100,000","￦100,000","","","","","","","","","","","","","","","","","","",""
"김민철","Z","장윤철","P","Eclipse","2022-06-26","￦100,000","￦0","","","","","","","","","","","","","","","","","","",""
"김민철","Z","장윤철","P","Butter","2022-06-26","￦100,000","￦0","","","","","","","","","","","","","","","","","","",""
"장윤철","P","김민철","Z","Monopoly","2022-06-26","￦100,000","￦0","","","","","","","","","","","","","","","","","","",""
"장윤철","P","김민철","Z","Allegro","2022-06-26","￦100,000","￦100,000","","","","","","","","","","","","","","","","","","",""
"김민철","Z","장윤철","P","Vermeer","2022-06-26","￦100,000","￦0","","","","","","","","","","","","","","","","","","",""
"장윤철","P","김민철","Z","Revolver","2022-06-26","￦100,000","￦0","","","","","","","","","","","","","","","","","","",""
"유영진","T","김민철","Z","Allegro","2022-07-03","￦100,000","￦0","","","","","","","","","","","","","","","","","","",""
"유영진","T","김민철","Z","Vermeer","2022-07-03","￦100,000","￦0","","","","","","","","","","","","","","","","","","",""
"김민철","Z","유영진","T","Eclipse","2022-07-03","￦100,000","￦0","","","","","","","","","","","","","","","","","","",""
"김민철","Z","유영진","T","Metaverse","2022-07-03","￦100,000","￦0","","","","","","","","","","","","","","","","","","",""
"김민철","Z","유영진","T","Revolver","2022-07-03","￦100,000","￦0","","","","","","","","","","","","","","","","","","",""
"유영진","T","김민철","Z","Butter","2022-07-03","￦100,000","￦0","","","","","","","","","","","","","","","","","","",""
"김민철","Z","유영진","T","Monopoly","2022-07-03","￦100,000","￦100,000","","","","","","","","","","","","","","","","","","",""
"김민철","Z","유영진","T","Allegro","2022-07-03","￦100,000","￦100,000","","","","","","","","","","","","","","","","","","",""
"김민철","Z","유영진","T","Vermeer","2022-07-03","￦100,000","￦0","","","","","","","","","","","","","","","","","","",""
"김지성","T","김민철","Z","Eclipse","2022-07-13","￦100,000","￦0","","","","","","","","","","","","","","","","","","",""
"김지성","T","김민철","Z","Vermeer","2022-07-13","￦100,000","￦0","","","","","","","","","","","","","","","","","","",""
"김민철","Z","김지성","T","Revolver","2022-07-13","￦100,000","￦0","","","","","","","","","","","","","","","","","","",""
"김지성","T","김민철","Z","Butter","2022-07-13","￦100,000","￦0","","","","","","","","","","","","","","","","","","",""
"김지성","T","김민철","Z","Monopoly","2022-07-13","￦100,000","￦100,000","","","","","","","","","","","","","","","","","","",""
"김민철","Z","김지성","T","Metaverse","2022-07-13","￦100,000","￦0","","","","","","","","","","","","","","","","","","",""
"김지성","T","김민철","Z","Allegro","2022-07-13","￦100,000","￦0","","","","","","","","","","","","","","","","","","",""
"김지성","T","김민철","Z","Vermeer","2022-07-13","￦100,000","￦0","","","","","","","","","","","","","","","","","","",""
"김민철","Z","김지성","T","Monopoly","2022-07-13","￦100,000","￦0","","","","","","","","","","","","","","","","","","",""
"김윤환","Z","염보성","T","","2022-07-21","₩100,000","₩100,000","","","","","","","","","","","","","","","","","","",""
"김윤환","Z","염보성","T","","2022-07-21","₩100,000","₩100,000","","","","","","","","","","","","","","","","","","",""
"김윤환","Z","염보성","T","","2022-07-21","₩100,000","₩0","","","","","","","","","","","","","","","","","","",""
"김윤환","Z","염보성","T","","2022-07-21","₩100,000","₩0","","","","","","","","","","","","","","","","","","",""
"김윤환","Z","염보성","T","","2022-07-21","₩100,000","₩0","","","","","","","","","","","","","","","","","","",""
"김윤환","Z","염보성","T","","2022-07-21","₩100,000","₩0","","","","","","","","","","","","","","","","","","",""
"김윤환","Z","염보성","T","","2022-07-21","₩100,000","₩0","","","","","","","","","","","","","","","","","","",""
"염보성","T","김윤환","Z","","2022-07-21","₩100,000","₩0","","","","","","","","","","","","","","","","","","",""
"염보성","T","김윤환","Z","","2022-07-21","₩100,000","₩0","","","","","","","","","","","","","","","","","","",""
"변현제","P","김지성","T","Eclipse","2022-08-03","￦100,000","￦0","","","","","","","","","","","","","","","","","","",""
"김지성","T","변현제","P","Allegro","2022-08-03","￦100,000","￦100,000","","","","","","","","","","","","","","","","","","",""
"변현제","P","김지성","T","Butter","2022-08-03","￦100,000","￦100,000","","","","","","","","","","","","","","","","","","",""
"변현제","P","김지성","T","Vermeer","2022-08-03","￦100,000","￦0","","","","","","","","","","","","","","","","","","",""
"김지성","T","변현제","P","Metaverse","2022-08-03","￦100,000","￦0","","","","","","","","","","","","","","","","","","",""
"김지성","T","변현제","P","Revolver","2022-08-03","￦100,000","￦0","","","","","","","","","","","","","","","","","","",""
"김지성","T","변현제","P","Monopoly","2022-08-03","￦100,000","￦0","","","","","","","","","","","","","","","","","","",""
"김지성","T","변현제","P","Eclipse","2022-08-03","￦100,000","￦0","","","","","","","","","","","","","","","","","","",""
"김지성","T","변현제","P","Butter","2022-08-03","￦100,000","￦0","","","","","","","","","","","","","","","","","","",""
"김지성","T","조일장","Z","Vermeer","2022-08-04","￦100,000","￦0","","","","","","","","","","","","","","","","","","",""
"조일장","Z","김지성","T","Monopoly","2022-08-04","￦100,000","￦0","","","","","","","","","","","","","","","","","","",""
"조일장","Z","김지성","T","Eclipse","2022-08-04","￦100,000","￦0","","","","","","","","","","","","","","","","","","",""
"조일장","Z","김지성","T","Butter","2022-08-04","￦100,000","￦100,000","","","","","","","","","","","","","","","","","","",""
"김지성","T","조일장","Z","Allegro","2022-08-04","￦100,000","￦0","","","","","","","","","","","","","","","","","","",""
"김지성","T","조일장","Z","Revolver","2022-08-04","￦100,000","￦0","","","","","","","","","","","","","","","","","","",""
"김지성","T","조일장","Z","Metaverse","2022-08-04","￦100,000","￦0","","","","","","","","","","","","","","","","","","",""
"김지성","T","조일장","Z","Vermeer","2022-08-04","￦100,000","￦100,000","","","","","","","","","","","","","","","","","","",""
"조일장","Z","김지성","T","Allegro","2022-08-04","￦100,000","￦0","","","","","","","","","","","","","","","","","","",""
"김지성","T","김명운","Z","Neo Sylphid","2022-08-15","￦100,000","￦0","","","","","","","","","","","","","","","","","","",""
"김지성","T","김명운","Z","Neo Arkanoid","2022-08-15","￦100,000","￦0","","","","","","","","","","","","","","","","","","",""
"김지성","T","김명운","Z","Allegro","2022-08-15","￦100,000","￦0","","","","","","","","","","","","","","","","","","",""
"김지성","T","김명운","Z","Vermeer","2022-08-15","￦100,000","￦0","","","","","","","","","","","","","","","","","","",""
"김명운","Z","김지성","T","Odyssey","2022-08-15","￦100,000","￦0","","","","","","","","","","","","","","","","","","",""
"김명운","Z","김지성","T","Nemesis","2022-08-15","￦100,000","￦100,000","","","","","","","","","","","","","","","","","","",""
"김명운","Z","김지성","T","Butter","2022-08-15","￦100,000","￦0","","","","","","","","","","","","","","","","","","",""
"김지성","T","김명운","Z","Allegro","2022-08-15","￦100,000","￦100,000","","","","","","","","","","","","","","","","","","",""
"김명운","Z","김지성","T","Vermeer","2022-08-15","￦100,000","￦0","","","","","","","","","","","","","","","","","","",""
"김지성","T","도재욱","P","Neo Arkanoid","2022-08-24","￦100,000","￦0","","","","","","","","","","","","","","","","","","",""
"도재욱","P","김지성","T","Odyssey","2022-08-24","￦100,000","￦0","","","","","","","","","","","","","","","","","","",""
"김지성","T","도재욱","P","Vermeer","2022-08-24","￦100,000","￦100,000","","","","","","","","","","","","","","","","","","",""
"도재욱","P","김지성","T","Neo Sylphid","2022-08-24","￦100,000","￦100,000","","","","","","","","","","","","","","","","","","",""
"김지성","T","도재욱","P","Allegro","2022-08-24","￦100,000","￦0","","","","","","","","","","","","","","","","","","",""
"김지성","T","도재욱","P","Butter","2022-08-24","￦100,000","￦0","","","","","","","","","","","","","","","","","","",""
"김지성","T","도재욱","P","Nemesis","2022-08-24","￦100,000","￦0","","","","","","","","","","","","","","","","","","",""
"도재욱","P","김지성","T","Odyssey","2022-08-24","￦100,000","￦0","","","","","","","","","","","","","","","","","","",""
"도재욱","P","김지성","T","Vermeer","2022-08-24","￦100,000","￦0","","","","","","","","","","","","","","","","","","",""
"김지성","T","장윤철","P","Butter","2022-09-02","￦100,000","￦0","","","","","","","","","","","","","","","","","","",""
"김지성","T","장윤철","P","Neo Sylphid","2022-09-02","￦100,000","￦0","","","","","","","","","","","","","","","","","","",""
"김지성","T","장윤철","P","Odyssey","2022-09-02","￦100,000","￦0","","","","","","","","","","","","","","","","","","",""
"장윤철","P","김지성","T","Vermeer","2022-09-02","￦100,000","￦0","","","","","","","","","","","","","","","","","","",""
"장윤철","P","김지성","T","Neo Arkanoid","2022-09-02","￦100,000","￦0","","","","","","","","","","","","","","","","","","",""
"김지성","T","장윤철","P","Allegro","2022-09-02","￦100,000","￦0","","","","","","","","","","","","","","","","","","",""
"장윤철","P","김지성","T","Nemesis","2022-09-02","￦100,000","￦0","","","","","","","","","","","","","","","","","","",""
"장윤철","P","김지성","T","Allegro","2022-09-02","￦100,000","￦100,000","","","","","","","","","","","","","","","","","","",""
"장윤철","P","김지성","T","Vermeer","2022-09-02","￦100,000","￦100,000","","","","","","","","","","","","","","","","","","",""
"최호선","T","장윤철","P","Vermeer","2022-09-15","￦100,000","￦0","","","","","","","","","","","","","","","","","","",""
"최호선","T","장윤철","P","Butter","2022-09-15","￦100,000","￦0","","","","","","","","","","","","","","","","","","",""
"장윤철","P","최호선","T","Odyssey","2022-09-15","￦100,000","￦0","","","","","","","","","","","","","","","","","","",""
"장윤철","P","최호선","T","Neo Arkanoid","2022-09-15","￦100,000","￦100,000","","","","","","","","","","","","","","","","","","",""
"장윤철","P","최호선","T","Allegro","2022-09-15","￦100,000","￦0","","","","","","","","","","","","","","","","","","",""
"최호선","T","장윤철","P","Neo Sylphid","2022-09-15","￦100,000","￦0","","","","","","","","","","","","","","","","","","",""
"장윤철","P","최호선","T","Nemesis","2022-09-15","￦100,000","￦0","","","","","","","","","","","","","","","","","","",""
"장윤철","P","최호선","T","Vermeer","2022-09-15","￦100,000","￦0","","","","","","","","","","","","","","","","","","",""
"장윤철","P","최호선","T","Allegro","2022-09-15","￦100,000","￦100,000","","","","","","","","","","","","","","","","","","",""
"윤찬희","T","장윤철","P","Vermeer","2022-09-23","￦100,000","￦0","","","","","","","","","","","","","","","","","","",""
"윤찬희","T","장윤철","P","Butter","2022-09-23","￦100,000","￦0","","","","","","","","","","","","","","","","","","",""
"윤찬희","T","장윤철","P","Odyssey","2022-09-23","￦100,000","￦0","","","","","","","","","","","","","","","","","","",""
"장윤철","P","윤찬희","T","Neo Sylphid","2022-09-23","￦100,000","￦0","","","","","","","","","","","","","","","","","","",""
"장윤철","P","윤찬희","T","Allegro","2022-09-23","￦100,000","￦100,000","","","","","","","","","","","","","","","","","","",""
"장윤철","P","윤찬희","T","Nemesis","2022-09-23","￦100,000","￦0","","","","","","","","","","","","","","","","","","",""
"장윤철","P","윤찬희","T","Neo Arkanoid","2022-09-23","￦100,000","￦0","","","","","","","","","","","","","","","","","","",""
"윤찬희","T","장윤철","P","Vermeer","2022-09-23","￦100,000","￦0","","","","","","","","","","","","","","","","","","",""
"윤찬희","T","장윤철","P","Nemesis","2022-09-23","￦100,000","￦100,000","","","","","","","","","","","","","","","","","","",""
"윤찬희","T","이영한","Z","Neo Arkanoid","2022-09-25","￦100,000","￦0","","","","","","","","","","","","","","","","","","",""
"이영한","Z","윤찬희","T","Butter","2022-09-25","￦100,000","￦0","","","","","","","","","","","","","","","","","","",""
"이영한","Z","윤찬희","T","Allegro","2022-09-25","￦100,000","￦0","","","","","","","","","","","","","","","","","","",""
"이영한","Z","윤찬희","T","Vermeer","2022-09-25","￦100,000","￦100,000","","","","","","","","","","","","","","","","","","",""
"윤찬희","T","이영한","Z","Neo Sylphid","2022-09-25","￦100,000","￦0","","","","","","","","","","","","","","","","","","",""
"윤찬희","T","이영한","Z","Nemesis","2022-09-25","￦100,000","￦100,000","","","","","","","","","","","","","","","","","","",""
"윤찬희","T","이영한","Z","Odyssey","2022-09-25","￦100,000","￦0","","","","","","","","","","","","","","","","","","",""
"이영한","Z","윤찬희","T","Neo Arkanoid","2022-09-25","￦100,000","￦0","","","","","","","","","","","","","","","","","","",""
"이영한","Z","윤찬희","T","Allegro","2022-09-25","￦100,000","￦0","","","","","","","","","","","","","","","","","","",""
"송병구","P","이영한","Z","Vermeer","2022-10-26","￦100,000","￦0","","","","","","","","","","","","","","","","","","",""
"이영한","Z","송병구","P","Neo Arkanoid","2022-10-26","￦100,000","￦0","","","","","","","","","","","","","","","","","","",""
"이영한","Z","송병구","P","Butter","2022-10-26","￦100,000","￦0","","","","","","","","","","","","","","","","","","",""
"송병구","P","이영한","Z","Neo Sylphid","2022-10-26","￦100,000","￦100,000","","","","","","","","","","","","","","","","","","",""
"이영한","Z","송병구","P","Allegro","2022-10-26","￦100,000","￦0","","","","","","","","","","","","","","","","","","",""
"이영한","Z","송병구","P","Nemesis","2022-10-26","￦100,000","￦0","","","","","","","","","","","","","","","","","","",""
"송병구","P","이영한","Z","Odyssey","2022-10-26","￦100,000","￦0","","","","","","","","","","","","","","","","","","",""
"이영한","Z","송병구","P","Neo Arkanoid","2022-10-26","￦100,000","￦100,000","","","","","","","","","","","","","","","","","","",""
"송병구","P","이영한","Z","Odyssey","2022-10-26","￦100,000","￦0","","","","","","","","","","","","","","","","","","",""
"도재욱","P","이영한","Z","Butter","2022-11-21","￦100,000","","","","","","","","","","","","","","","","","","","",""
"도재욱","P","이영한","Z","Neo Arkanoid","2022-11-21","￦100,000","","","","","","","","","","","","","","","","","","","",""
"이영한","Z","도재욱","P","Vermeer","2022-11-21","￦100,000","","","","","","","","","","","","","","","","","","","",""
"이영한","Z","도재욱","P","Odyssey","2022-11-21","￦100,000","￦100,000","","","","","","","","","","","","","","","","","","",""
"도재욱","P","이영한","Z","Nemesis","2022-11-21","￦100,000","","","","","","","","","","","","","","","","","","","",""
"도재욱","P","이영한","Z","Allegro","2022-11-21","￦100,000","","","","","","","","","","","","","","","","","","","",""
"도재욱","P","이영한","Z","Neo Sylphid","2022-11-21","￦100,000","","","","","","","","","","","","","","","","","","","",""
"도재욱","P","이영한","Z","Neo Arkanoid","2022-11-21","￦100,000","￦100,000","","","","","","","","","","","","","","","","","","",""
"도재욱","P","이영한","Z","Vermeer","2022-11-21","￦100,000","","","","","","","","","","","","","","","","","","","",""
"도재욱","P","조기석","T","Vermeer","2022-11-23","￦100,000","","","","","","","","","","","","","","","","","","","",""
"조기석","T","도재욱","P","Allegro","2022-11-23","￦100,000","","","","","","","","","","","","","","","","","","","",""
"도재욱","P","조기석","T","Butter","2022-11-23","￦100,000","","","","","","","","","","","","","","","","","","","",""
"도재욱","P","조기석","T","Neo Sylphid","2022-11-23","￦100,000","","","","","","","","","","","","","","","","","","","",""
"도재욱","P","조기석","T","Nemesis","2022-11-23","￦100,000","","","","","","","","","","","","","","","","","","","",""
"도재욱","P","조기석","T","Odyssey","2022-11-23","￦100,000","￦100,000","","","","","","","","","","","","","","","","","","",""
"조기석","T","도재욱","P","Neo Arkanoid","2022-11-23","￦100,000","","","","","","","","","","","","","","","","","","","",""
"조기석","T","도재욱","P","Odyssey","2022-11-23","￦100,000","","","","","","","","","","","","","","","","","","","",""
"도재욱","P","조기석","T","Butter","2022-11-23","￦100,000","￦100,000","","","","","","","","","","","","","","","","","","",""
"도재욱","P","윤찬희","T","Allegro","2022-11-25","￦100,000","","","","","","","","","","","","","","","","","","","",""
"도재욱","P","윤찬희","T","Vermeer","2022-11-25","￦100,000","","","","","","","","","","","","","","","","","","","",""
"도재욱","P","윤찬희","T","Neo Sylphid","2022-11-25","￦100,000","","","","","","","","","","","","","","","","","","","",""
"도재욱","P","윤찬희","T","Nemesis","2022-11-25","￦100,000","","","","","","","","","","","","","","","","","","","",""
"도재욱","P","윤찬희","T","Butter","2022-11-25","￦100,000","","","","","","","","","","","","","","","","","","","",""
"윤찬희","T","도재욱","P","Odyssey","2022-11-25","￦100,000","￦100,000","","","","","","","","","","","","","","","","","","",""
"도재욱","P","윤찬희","T","Neo Arkanoid","2022-11-25","￦100,000","","","","","","","","","","","","","","","","","","","",""
"도재욱","P","윤찬희","T","Allegro","2022-11-25","￦100,000","￦100,000","","","","","","","","","","","","","","","","","","",""
"도재욱","P","윤찬희","T","Vermeer","2022-11-25","￦100,000","","","","","","","","","","","","","","","","","","","",""
"김성대","Z","도재욱","P","Vermeer","2022-11-30","￦100,000","","","","","","","","","","","","","","","","","","","",""
"김성대","Z","도재욱","P","Odyssey","2022-11-30","￦100,000","￦100,000","","","","","","","","","","","","","","","","","","",""
"김성대","Z","도재욱","P","Allegro","2022-11-30","￦100,000","","","","","","","","","","","","","","","","","","","",""
"도재욱","P","김성대","Z","Neo Arkanoid","2022-11-30","￦100,000","","","","","","","","","","","","","","","","","","","",""
"도재욱","P","김성대","Z","Neo Sylphid","2022-11-30","￦100,000","￦100,000","","","","","","","","","","","","","","","","","","",""
"김성대","Z","도재욱","P","Butter","2022-11-30","￦100,000","","","","","","","","","","","","","","","","","","","",""
"도재욱","P","김성대","Z","Nemesis","2022-11-30","￦100,000","","","","","","","","","","","","","","","","","","","",""
"도재욱","P","김성대","Z","Vermeer","2022-11-30","￦100,000","","","","","","","","","","","","","","","","","","","",""
"김성대","Z","도재욱","P","Allegro","2022-11-30","￦100,000","","","","","","","","","","","","","","","","","","","",""
"변현제","P","최호선","T","Vermeer","2022-12-03","￦100,000","","","","","","","","","","","","","","","","","","","",""
"최호선","T","변현제","P","Neo Arkanoid","2022-12-03","￦100,000","","","","","","","","","","","","","","","","","","","",""
"변현제","P","최호선","T","Butter","2022-12-03","￦100,000","￦100,000","","","","","","","","","","","","","","","","","","",""
"변현제","P","최호선","T","Allegro","2022-12-03","￦100,000","","","","","","","","","","","","","","","","","","","",""
"변현제","P","최호선","T","Neo Sylphid","2022-12-03","￦100,000","","","","","","","","","","","","","","","","","","","",""
"변현제","P","최호선","T","Nemesis","2022-12-03","￦100,000","","","","","","","","","","","","","","","","","","","",""
"변현제","P","최호선","T","Odyssey","2022-12-03","￦100,000","","","","","","","","","","","","","","","","","","","",""
"최호선","T","변현제","P","Vermeer","2022-12-03","￦100,000","￦100,000","","","","","","","","","","","","","","","","","","",""
"변현제","P","최호선","T","Odyssey","2022-12-03","￦100,000","","","","","","","","","","","","","","","","","","","",""
"변현제","P","김명운","Z","Vermeer","2022-12-06","￦100,000","","","","","","","","","","","","","","","","","","","",""
"변현제","P","김명운","Z","Butter","2022-12-06","￦100,000","","","","","","","","","","","","","","","","","","","",""
"변현제","P","김명운","Z","Neo Sylphid","2022-12-06","￦100,000","￦100,000","","","","","","","","","","","","","","","","","","",""
"김명운","Z","변현제","P","Neo Arkanoid","2022-12-06","￦100,000","","","","","","","","","","","","","","","","","","","",""
"변현제","P","김명운","Z","Nemesis","2022-12-06","￦100,000","","","","","","","","","","","","","","","","","","","",""
"김명운","Z","변현제","P","Allegro","2022-12-06","￦100,000","","","","","","","","","","","","","","","","","","","",""
"김명운","Z","변현제","P","Odyssey","2022-12-06","￦100,000","￦100,000","","","","","","","","","","","","","","","","","","",""
"김명운","Z","변현제","P","Neo Arkanoid","2022-12-06","￦100,000","","","","","","","","","","","","","","","","","","","",""
"변현제","P","김명운","Z","Odyssey","2022-12-06","￦100,000","","","","","","","","","","","","","","","","","","","",""
"이재호","T","변현제","P","Allegro","2022-12-13","￦100,000","￦100,000","","","","","","","","","","","","","","","","","","",""
"변현제","P","이재호","T","Butter","2022-12-13","￦100,000","","","","","","","","","","","","","","","","","","","",""
"이재호","T","변현제","P","Vermeer","2022-12-13","￦100,000","","","","","","","","","","","","","","","","","","","",""
"변현제","P","이재호","T","Neo Sylphid","2022-12-13","￦100,000","","","","","","","","","","","","","","","","","","","",""
"변현제","P","이재호","T","Neo Arkanoid","2022-12-13","￦100,000","","","","","","","","","","","","","","","","","","","",""
"이재호","T","변현제","P","Nemesis","2022-12-13","￦100,000","","","","","","","","","","","","","","","","","","","",""
"이재호","T","변현제","P","Odyssey","2022-12-13","￦100,000","￦100,000","","","","","","","","","","","","","","","","","","",""
"변현제","P","이재호","T","Butter","2022-12-13","￦100,000","","","","","","","","","","","","","","","","","","","",""
"이재호","T","변현제","P","Allegro","2022-12-13","￦100,000","","","","","","","","","","","","","","","","","","","",""
"이재호","T","조일장","Z","Vermeer","2022-12-14","￦100,000","","","","","","","","","","","","","","","","","","","",""
"이재호","T","조일장","Z","Neo Arkanoid","2022-12-14","￦100,000","","","","","","","","","","","","","","","","","","","",""
"조일장","Z","이재호","T","Allegro","2022-12-14","￦100,000","","","","","","","","","","","","","","","","","","","",""
"조일장","Z","이재호","T","Butter","2022-12-14","￦100,000","","","","","","","","","","","","","","","","","","","",""
"조일장","Z","이재호","T","Odyssey","2022-12-14","￦100,000","","","","","","","","","","","","","","","","","","","",""
"이재호","T","조일장","Z","Nemesis","2022-12-14","￦100,000","","","","","","","","","","","","","","","","","","","",""
"이재호","T","조일장","Z","Neo Sylphid","2022-12-14","￦100,000","","","","","","","","","","","","","","","","","","","",""
"조일장","Z","이재호","T","Odyssey","2022-12-14","￦100,000","￦100,000","","","","","","","","","","","","","","","","","","",""
"조일장","Z","이재호","T","Vermeer","2022-12-14","￦100,000","￦100,000","","","","","","","","","","","","","","","","","","",""
"조일장","Z","유영진","T","Allegro","2022-12-21","￦100,000","","","","","","","","","","","","","","","","","","","",""
"유영진","T","조일장","Z","Vermeer","2022-12-21","￦100,000","","","","","","","","","","","","","","","","","","","",""
"유영진","T","조일장","Z","Neo Arkanoid","2022-12-21","￦100,000","","","","","","","","","","","","","","","","","","","",""
"유영진","T","조일장","Z","Odyssey","2022-12-21","￦100,000","￦100,000","","","","","","","","","","","","","","","","","","",""
"유영진","T","조일장","Z","Butter","2022-12-21","￦100,000","","","","","","","","","","","","","","","","","","","",""
"조일장","Z","유영진","T","Neo Sylphid","2022-12-21","￦100,000","","","","","","","","","","","","","","","","","","","",""
"유영진","T","조일장","Z","Nemesis","2022-12-21","￦100,000","","","","","","","","","","","","","","","","","","","",""
"유영진","T","조일장","Z","Odyssey","2022-12-21","￦100,000","","","","","","","","","","","","","","","","","","","",""
"조일장","Z","유영진","T","Vermeer","2022-12-21","￦100,000","￦100,000","","","","","","","","","","","","","","","","","","",""
"유영진","T","도재욱","P","Butter","2022-12-26","￦100,000","","","","","","","","","","","","","","","","","","","",""
"유영진","T","도재욱","P","Neo Arkanoid","2022-12-26","￦100,000","","","","","","","","","","","","","","","","","","","",""
"유영진","T","도재욱","P","Vermeer","2022-12-26","￦100,000","","","","","","","","","","","","","","","","","","","",""
"도재욱","P","유영진","T","Allegro","2022-12-26","￦100,000","","","","","","","","","","","","","","","","","","","",""
"도재욱","P","유영진","T","Odyssey","2022-12-26","￦100,000","","","","","","","","","","","","","","","","","","","",""
"유영진","T","도재욱","P","Nemesis","2022-12-26","￦100,000","","","","","","","","","","","","","","","","","","","",""
"도재욱","P","유영진","T","Neo Sylphid","2022-12-26","￦100,000","￦100,000","","","","","","","","","","","","","","","","","","",""
"도재욱","P","유영진","T","Allegro","2022-12-26","￦100,000","￦100,000","","","","","","","","","","","","","","","","","","",""
"유영진","T","도재욱","P","Vermeer","2022-12-26","￦100,000","","","","","","","","","","","","","","","","","","","",""
"유영진","T","김민철","Z","Vermeer","2022-12-28","￦100,000","","","","","","","","","","","","","","","","","","","",""
"김민철","Z","유영진","T","Odyssey","2022-12-28","￦100,000","","","","","","","","","","","","","","","","","","","",""
"김민철","Z","유영진","T","Allegro","2022-12-28","￦100,000","","","","","","","","","","","","","","","","","","","",""
"유영진","T","김민철","Z","Neo Sylphid","2022-12-28","￦100,000","","","","","","","","","","","","","","","","","","","",""
"김민철","Z","유영진","T","Neo Arkanoid","2022-12-28","￦100,000","","","","","","","","","","","","","","","","","","","",""
"김민철","Z","유영진","T","Nemesis","2022-12-28","￦100,000","","","","","","","","","","","","","","","","","","","",""
"유영진","T","김민철","Z","Butter","2022-12-28","￦100,000","","","","","","","","","","","","","","","","","","","",""
"유영진","T","김민철","Z","Odyssey","2022-12-28","￦100,000","￦100,000","","","","","","","","","","","","","","","","","","",""
"김민철","Z","유영진","T","Nemesis","2022-12-28","￦100,000","￦100,000","","","","","","","","","","","","","","","","","","",""
"장윤철","P","김성대","Z","Odyssey","2023-01-25","￦100,000","","","","","","","","","","","","","","","","","","","",""
"장윤철","P","김성대","Z","Vermeer","2023-01-25","￦100,000","","","","","","","","","","","","","","","","","","","",""
"김성대","Z","장윤철","P","Neo Sylphid","2023-01-25","￦100,000","￦100,000","","","","","","","","","","","","","","","","","","",""
"김성대","Z","장윤철","P","Butter","2023-01-25","￦100,000","","","","","","","","","","","","","","","","","","","",""
"김성대","Z","장윤철","P","Nemesis","2023-01-25","￦100,000","","","","","","","","","","","","","","","","","","","",""
"장윤철","P","김성대","Z","Allegro","2023-01-25","￦100,000","","","","","","","","","","","","","","","","","","","",""
"장윤철","P","김성대","Z","Neo Arkanoid","2023-01-25","￦100,000","","","","","","","","","","","","","","","","","","","",""
"장윤철","P","김성대","Z","Vermeer","2023-01-25","￦100,000","","","","","","","","","","","","","","","","","","","",""
"장윤철","P","김성대","Z","Neo Sylphid","2023-01-25","￦100,000","￦100,000","","","","","","","","","","","","","","","","","","",""
"이재호","T","장윤철","P","Vermeer","2023-01-26","￦100,000","","","","","","","","","","","","","","","","","","","",""
"장윤철","P","이재호","T","Butter","2023-01-26","￦100,000","","","","","","","","","","","","","","","","","","","",""
"장윤철","P","이재호","T","Allegro","2023-01-26","￦100,000","","","","","","","","","","","","","","","","","","","",""
"이재호","T","장윤철","P","Neo Sylphid","2023-01-26","￦100,000","","","","","","","","","","","","","","","","","","","",""
"이재호","T","장윤철","P","Odyssey","2023-01-26","￦100,000","","","","","","","","","","","","","","","","","","","",""
"장윤철","P","이재호","T","Nemesis","2023-01-26","￦100,000","","","","","","","","","","","","","","","","","","","",""
"이재호","T","장윤철","P","Neo Arkanoid","2023-01-26","￦100,000","","","","","","","","","","","","","","","","","","","",""
"이재호","T","장윤철","P","Butter","2023-01-26","￦100,000","￦100,000","","","","","","","","","","","","","","","","","","",""
"장윤철","P","이재호","T","Odyssey","2023-01-26","￦100,000","￦100,000","","","","","","","","","","","","","","","","","","",""
"박상현","Z","이재호","T","Dark Origin","2023-02-13","￦100,000","","","","","","","","","","","","","","","","","","","",""
"박상현","Z","이재호","T","76","2023-02-13","￦100,000","","","","","","","","","","","","","","","","","","","",""
"박상현","Z","이재호","T","Neo Heartbreak Ridge Line","2023-02-13","￦100,000","","","","","","","","","","","","","","","","","","","",""
"이재호","T","박상현","Z","Retro","2023-02-13","￦100,000","","","","","","","","","","","","","","","","","","","",""
"이재호","T","박상현","Z","Vermeer","2023-02-13","￦100,000","","","","","","","","","","","","","","","","","","","",""
"박상현","Z","이재호","T","Nemesis","2023-02-13","￦100,000","","","","","","","","","","","","","","","","","","","",""
"박상현","Z","이재호","T","Neo Sylphid","2023-02-13","￦100,000","","","","","","","","","","","","","","","","","","","",""
"이재호","T","박상현","Z","Nemesis","2023-02-13","￦100,000","￦100,000","","","","","","","","","","","","","","","","","","",""
"박상현","Z","이재호","T","Neo Heartbreak Ridge Line","2023-02-13","￦100,000","￦100,000","","","","","","","","","","","","","","","","","","",""
"박상현","Z","도재욱","P","Retro","2023-02-15","￦100,000","","","","","","","","","","","","","","","","","","","",""
"도재욱","P","박상현","Z","Vermeer","2023-02-15","￦100,000","","","","","","","","","","","","","","","","","","","",""
"박상현","Z","도재욱","P","Neo Heartbreak Ridge Line","2023-02-15","￦100,000","￦100,000","","","","","","","","","","","","","","","","","","",""
"박상현","Z","도재욱","P","Neo Sylphid","2023-02-15","￦100,000","","","","","","","","","","","","","","","","","","","",""
"도재욱","P","박상현","Z","76","2023-02-15","￦100,000","￦100,000","","","","","","","","","","","","","","","","","","",""
"도재욱","P","박상현","Z","Dark Origin","2023-02-15","￦100,000","","","","","","","","","","","","","","","","","","","",""
"도재욱","P","박상현","Z","Nemesis","2023-02-15","￦100,000","","","","","","","","","","","","","","","","","","","",""
"박상현","Z","도재욱","P","Vermeer","2023-02-15","￦100,000","","","","","","","","","","","","","","","","","","","",""
"박상현","Z","도재욱","P","76","2023-02-15","￦100,000","","","","","","","","","","","","","","","","","","","",""
"김지성","T","박상현","Z","Vermeer","2023-02-16","￦100,000","","","","","","","","","","","","","","","","","","","",""
"박상현","Z","김지성","T","Neo Heartbreak Ridge Line","2023-02-16","￦100,000","","","","","","","","","","","","","","","","","","","",""
"김지성","T","박상현","Z","Nemesis","2023-02-16","￦100,000","","","","","","","","","","","","","","","","","","","",""
"박상현","Z","김지성","T","Dark Origin","2023-02-16","￦100,000","","","","","","","","","","","","","","","","","","","",""
"김지성","T","박상현","Z","Neo Sylphid","2023-02-16","￦100,000","","","","","","","","","","","","","","","","","","","",""
"박상현","Z","김지성","T","Retro","2023-02-16","￦100,000","￦100,000","","","","","","","","","","","","","","","","","","",""
"김지성","T","박상현","Z","76","2023-02-16","￦100,000","","","","","","","","","","","","","","","","","","","",""
"박상현","Z","김지성","T","Vermeer","2023-02-16","￦100,000","￦100,000","","","","","","","","","","","","","","","","","","",""
"박상현","Z","김지성","T","Nemesis","2023-02-16","￦100,000","","","","","","","","","","","","","","","","","","","",""
"박상현","Z","변현제","P","Nemesis","2023-02-21","￦100,000","","","","","","","","","","","","","","","","","","","",""
"변현제","P","박상현","Z","Dark Origin","2023-02-21","￦100,000","","","","","","","","","","","","","","","","","","","",""
"박상현","Z","변현제","P","Vermeer","2023-02-21","￦100,000","","","","","","","","","","","","","","","","","","","",""
"박상현","Z","변현제","P","76","2023-02-21","￦100,000","","","","","","","","","","","","","","","","","","","",""
"변현제","P","박상현","Z","Neo Heartbreak Ridge Line","2023-02-21","￦100,000","","","","","","","","","","","","","","","","","","","",""
"박상현","Z","변현제","P","Retro","2023-02-21","￦100,000","￦100,000","","","","","","","","","","","","","","","","","","",""
"변현제","P","박상현","Z","Neo Sylphid","2023-02-21","￦100,000","￦100,000","","","","","","","","","","","","","","","","","","",""
"변현제","P","박상현","Z","Vermeer","2023-02-21","￦100,000","","","","","","","","","","","","","","","","","","","",""
"박상현","Z","변현제","P","Retro","2023-02-21","￦100,000","","","","","","","","","","","","","","","","","","","",""
"유영진","T","박상현","Z","Retro","2023-02-22","￦100,000","","","","","","","","","","","","","","","","","","","",""
"유영진","T","박상현","Z","Vermeer","2023-02-22","￦100,000","","","","","","","","","","","","","","","","","","","",""
"박상현","Z","유영진","T","Neo Heartbreak Ridge Line","2023-02-22","￦100,000","￦100,000","","","","","","","","","","","","","","","","","","",""
"유영진","T","박상현","Z","76","2023-02-22","￦100,000","￦100,000","","","","","","","","","","","","","","","","","","",""
"박상현","Z","유영진","T","Dark Origin","2023-02-22","￦100,000","","","","","","","","","","","","","","","","","","","",""
"유영진","T","박상현","Z","Nemesis","2023-02-22","￦100,000","","","","","","","","","","","","","","","","","","","",""
"박상현","Z","유영진","T","Neo Sylphid","2023-02-22","￦100,000","","","","","","","","","","","","","","","","","","","",""
"박상현","Z","유영진","T","Nemesis","2023-02-22","￦100,000","","","","","","","","","","","","","","","","","","","",""
"유영진","T","박상현","Z","Vermeer","2023-02-22","￦100,000","","","","","","","","","","","","","","","","","","","",""
"유영진","T","김명운","Z","Dark Origin","2023-02-23","￦100,000","","","","","","","","","","","","","","","","","","","",""
"유영진","T","김명운","Z","Neo Heartbreak Ridge Line","2023-02-23","￦100,000","","","","","","","","","","","","","","","","","","","",""
"유영진","T","김명운","Z","Vermeer","2023-02-23","￦100,000","￦100,000","","","","","","","","","","","","","","","","","","",""
"김명운","Z","유영진","T","76","2023-02-23","￦100,000","","","","","","","","","","","","","","","","","","","",""
"유영진","T","김명운","Z","Nemesis","2023-02-23","￦100,000","","","","","","","","","","","","","","","","","","","",""
"김명운","Z","유영진","T","Retro","2023-02-23","￦100,000","","","","","","","","","","","","","","","","","","","",""
"유영진","T","김명운","Z","Neo Sylphid","2023-02-23","￦100,000","","","","","","","","","","","","","","","","","","","",""
"김명운","Z","유영진","T","76","2023-02-23","￦100,000","","","","","","","","","","","","","","","","","","","",""
"유영진","T","김명운","Z","Vermeer","2023-02-23","￦100,000","￦100,000","","","","","","","","","","","","","","","","","","",""
"유영진","T","장윤철","P","Neo Heartbreak Ridge Line","2023-03-09","￦100,000","","","","","","","","","","","","","","","","","","","",""
"장윤철","P","유영진","T","76","2023-03-09","￦100,000","","","","","","","","","","","","","","","","","","","",""
"장윤철","P","유영진","T","Vermeer","2023-03-09","￦100,000","","","","","","","","","","","","","","","","","","","",""
"장윤철","P","유영진","T","Nemesis","2023-03-09","￦100,000","","","","","","","","","","","","","","","","","","","",""
"장윤철","P","유영진","T","Retro","2023-03-09","￦100,000","","","","","","","","","","","","","","","","","","","",""
"장윤철","P","유영진","T","Neo Sylphid","2023-03-09","￦100,000","","","","","","","","","","","","","","","","","","","",""
"장윤철","P","유영진","T","Dark Origin","2023-03-09","￦100,000","","","","","","","","","","","","","","","","","","","",""
"장윤철","P","유영진","T","Vermeer","2023-03-09","￦100,000","￦100,000","","","","","","","","","","","","","","","","","","",""
"유영진","T","장윤철","P","Nemesis","2023-03-09","￦100,000","￦100,000","","","","","","","","","","","","","","","","","","",""
"장윤철","P","이영한","Z","Vermeer","2023-03-12","￦100,000","","","","","","","","","","","","","","","","","","","",""
"이영한","Z","장윤철","P","Neo Heartbreak Ridge Line","2023-03-12","￦100,000","","","","","","","","","","","","","","","","","","","",""
"장윤철","P","이영한","Z","76","2023-03-12","￦100,000","","","","","","","","","","","","","","","","","","","",""
"이영한","Z","장윤철","P","Neo Sylphid","2023-03-12","￦100,000","","","","","","","","","","","","","","","","","","","",""
"이영한","Z","장윤철","P","Dark Origin","2023-03-12","￦100,000","","","","","","","","","","","","","","","","","","","",""
"장윤철","P","이영한","Z","Nemesis","2023-03-12","￦100,000","","","","","","","","","","","","","","","","","","","",""
"이영한","Z","장윤철","P","Retro","2023-03-12","￦100,000","","","","","","","","","","","","","","","","","","","",""
"장윤철","P","이영한","Z","Nemesis","2023-03-12","￦100,000","￦100,000","","","","","","","","","","","","","","","","","","",""
"장윤철","P","이영한","Z","Neo Heartbreak Ridge Line","2023-03-12","￦100,000","￦100,000","","","","","","","","","","","","","","","","","","",""
"장윤철","P","황병영","T","Vermeer","2023-03-16","￦100,000","","","","","","","","","","","","","","","","","","","",""
"장윤철","P","황병영","T","Neo Sylphid","2023-03-16","￦100,000","","","","","","","","","","","","","","","","","","","",""
"장윤철","P","황병영","T","Nemesis","2023-03-16","￦100,000","","","","","","","","","","","","","","","","","","","",""
"장윤철","P","황병영","T","Dark Origin","2023-03-16","￦100,000","","","","","","","","","","","","","","","","","","","",""
"장윤철","P","황병영","T","Retro","2023-03-16","￦100,000","","","","","","","","","","","","","","","","","","","",""
"장윤철","P","황병영","T","76","2023-03-16","￦100,000","","","","","","","","","","","","","","","","","","","",""
"장윤철","P","황병영","T","Neo Heartbreak Ridge Line","2023-03-16","￦100,000","","","","","","","","","","","","","","","","","","","",""
"장윤철","P","황병영","T","Vermeer","2023-03-16","￦100,000","￦100,000","","","","","","","","","","","","","","","","","","",""
"장윤철","P","황병영","T","Neo Sylphid","2023-03-16","￦100,000","￦100,000","","","","","","","","","","","","","","","","","","",""
"김지성","T","장윤철","P","Vermeer","2023-04-05","￦100,000","","","","","","","","","","","","","","","","","","","",""
"장윤철","P","김지성","T","Dark Origin","2023-04-05","￦100,000","","","","","","","","","","","","","","","","","","","",""
"장윤철","P","김지성","T","Neo Sylphid","2023-04-05","￦100,000","","","","","","","","","","","","","","","","","","","",""
"장윤철","P","김지성","T","Nemesis","2023-04-05","￦100,000","","","","","","","","","","","","","","","","","","","",""
"장윤철","P","김지성","T","76","2023-04-05","￦100,000","","","","","","","","","","","","","","","","","","","",""
"장윤철","P","김지성","T","Neo Heartbreak Ridge Line","2023-04-05","￦100,000","","","","","","","","","","","","","","","","","","","",""
"장윤철","P","김지성","T","Retro","2023-04-05","￦100,000","","","","","","","","","","","","","","","","","","","",""
"장윤철","P","김지성","T","Vermeer","2023-04-05","￦100,000","￦100,000","","","","","","","","","","","","","","","","","","",""
"장윤철","P","김지성","T","Neo Sylphid","2023-04-05","￦100,000","￦100,000","","","","","","","","","","","","","","","","","","",""
"장윤철","P","김성대","Z","Vermeer","2023-04-21","￦100,000","","","","","","","","","","","","","","","","","","","",""
"장윤철","P","김성대","Z","Neo Heartbreak Ridge Line","2023-04-21","￦100,000","￦100,000","","","","","","","","","","","","","","","","","","",""
"김성대","Z","장윤철","P","Retro","2023-04-21","￦100,000","","","","","","","","","","","","","","","","","","","",""
"장윤철","P","김성대","Z","Dark Origin","2023-04-21","￦100,000","","","","","","","","","","","","","","","","","","","",""
"장윤철","P","김성대","Z","Neo Sylphid","2023-04-21","￦100,000","","","","","","","","","","","","","","","","","","","",""
"김성대","Z","장윤철","P","Nemesis","2023-04-21","￦100,000","","","","","","","","","","","","","","","","","","","",""
"장윤철","P","김성대","Z","76","2023-04-21","￦100,000","","","","","","","","","","","","","","","","","","","",""
"김성대","Z","장윤철","P","Vermeer","2023-04-21","￦100,000","","","","","","","","","","","","","","","","","","","",""
"김성대","Z","장윤철","P","Dark Origin","2023-04-21","￦100,000","￦100,000","","","","","","","","","","","","","","","","","","",""
"장윤철","P","이재호","T","Vermeer","2023-04-24","￦100,000","￦100,000","","","","","","","","","","","","","","","","","","",""
"장윤철","P","이재호","T","Neo Sylphid","2023-04-24","￦100,000","","","","","","","","","","","","","","","","","","","",""
"이재호","T","장윤철","P","Retro","2023-04-24","￦100,000","","","","","","","","","","","","","","","","","","","",""
"장윤철","P","이재호","T","Neo Heartbreak Ridge Line","2023-04-24","￦100,000","","","","","","","","","","","","","","","","","","","",""
"장윤철","P","이재호","T","76","2023-04-24","￦100,000","","","","","","","","","","","","","","","","","","","",""
"장윤철","P","이재호","T","Nemesis","2023-04-24","￦100,000","","","","","","","","","","","","","","","","","","","",""
"장윤철","P","이재호","T","Dark Origin","2023-04-24","￦100,000","","","","","","","","","","","","","","","","","","","",""
"이재호","T","장윤철","P","Vermeer","2023-04-24","￦100,000","","","","","","","","","","","","","","","","","","","",""
"장윤철","P","이재호","T","Neo Heartbreak Ridge Line","2023-04-24","￦100,000","￦100,000","","","","","","","","","","","","","","","","","","",""
"장윤철","P","김명운","Z","Retro","2023-05-16","￦100,000","","","","","","","","","","","","","","","","","","","",""
"김명운","Z","장윤철","P","76","2023-05-16","￦100,000","","","","","","","","","","","","","","","","","","","",""
"김명운","Z","장윤철","P","Dark Origin","2023-05-16","￦100,000","","","","","","","","","","","","","","","","","","","",""
"김명운","Z","장윤철","P","Neo Sylphid","2023-05-16","￦100,000","","","","","","","","","","","","","","","","","","","",""
"장윤철","P","김명운","Z","Neo Heartbreak Ridge Line","2023-05-16","￦100,000","￦100,000","","","","","","","","","","","","","","","","","","",""
"김명운","Z","장윤철","P","Vermeer","2023-05-16","￦100,000","","","","","","","","","","","","","","","","","","","",""
"김명운","Z","장윤철","P","Nemesis","2023-05-16","￦100,000","","","","","","","","","","","","","","","","","","","",""
"장윤철","P","김명운","Z","Neo Heartbreak Ridge Line","2023-05-16","￦100,000","￦100,000","","","","","","","","","","","","","","","","","","",""
"장윤철","P","김명운","Z","76","2023-05-16","￦100,000","","","","","","","","","","","","","","","","","","","",""
"유영진","T","김명운","Z","Dark Origin","2023-05-19","￦100,000","","","","","","","","","","","","","","","","","","","",""
"유영진","T","김명운","Z","Neo Heartbreak Ridge Line","2023-05-19","￦100,000","","","","","","","","","","","","","","","","","","","",""
"유영진","T","김명운","Z","Vermeer","2023-05-19","￦100,000","￦100,000","","","","","","","","","","","","","","","","","","",""
"김명운","Z","유영진","T","76","2023-05-19","￦100,000","","","","","","","","","","","","","","","","","","","",""
"유영진","T","김명운","Z","Nemesis","2023-05-19","￦100,000","","","","","","","","","","","","","","","","","","","",""
"김명운","Z","유영진","T","Retro","2023-05-19","￦100,000","","","","","","","","","","","","","","","","","","","",""
"유영진","T","김명운","Z","Neo Sylphid","2023-05-19","￦100,000","","","","","","","","","","","","","","","","","","","",""
"김명운","Z","유영진","T","76","2023-05-19","￦100,000","","","","","","","","","","","","","","","","","","","",""
"유영진","T","김명운","Z","Vermeer","2023-05-19","￦100,000","￦100,000","","","","","","","","","","","","","","","","","","",""
"변현제","P","유영진","T","Nemesis","2023-05-23","￦100,000","","","","","","","","","","","","","","","","","","","",""
"유영진","T","변현제","P","Vermeer","2023-05-23","￦100,000","","","","","","","","","","","","","","","","","","","",""
"변현제","P","유영진","T","Neo Heartbreak Ridge Line","2023-05-23","￦100,000","￦100,000","","","","","","","","","","","","","","","","","","",""
"유영진","T","변현제","P","Neo Sylphid","2023-05-23","￦100,000","","","","","","","","","","","","","","","","","","","",""
"변현제","P","유영진","T","Dark Origin","2023-05-23","￦100,000","","","","","","","","","","","","","","","","","","","",""
"변현제","P","유영진","T","Retro","2023-05-23","￦100,000","","","","","","","","","","","","","","","","","","","",""
"변현제","P","유영진","T","76","2023-05-23","￦100,000","","","","","","","","","","","","","","","","","","","",""
"변현제","P","유영진","T","Vermeer","2023-05-23","￦100,000","￦100,000","","","","","","","","","","","","","","","","","","",""
"변현제","P","유영진","T","Neo Sylphid","2023-05-23","￦100,000","","","","","","","","","","","","","","","","","","","",""
"이영한","Z","변현제","P","Retro","2023-05-25","￦100,000","","","","","","","","","","","","","","","","","","","",""
"변현제","P","이영한","Z","Nemesis","2023-05-25","￦100,000","","","","","","","","","","","","","","","","","","","",""
"변현제","P","이영한","Z","Vermeer","2023-05-25","￦100,000","","","","","","","","","","","","","","","","","","","",""
"변현제","P","이영한","Z","Neo Heartbreak Ridge Line","2023-05-25","￦100,000","","","","","","","","","","","","","","","","","","","",""
"이영한","Z","변현제","P","76","2023-05-25","￦100,000","￦100,000","","","","","","","","","","","","","","","","","","",""
"이영한","Z","변현제","P","Dark Origin","2023-05-25","￦100,000","","","","","","","","","","","","","","","","","","","",""
"이영한","Z","변현제","P","Neo Sylphid","2023-05-25","￦100,000","","","","","","","","","","","","","","","","","","","",""
"이영한","Z","변현제","P","Nemesis","2023-05-25","￦100,000","￦100,000","","","","","","","","","","","","","","","","","","",""
"변현제","P","이영한","Z","Vermeer","2023-05-25","￦100,000","","","","","","","","","","","","","","","","","","","",""
"이영한","Z","정영재","T","Vermeer","2023-05-29","￦100,000","","","","","","","","","","","","","","","","","","","",""
"정영재","T","이영한","Z","Neo Sylphid","2023-05-29","￦100,000","","","","","","","","","","","","","","","","","","","",""
"정영재","T","이영한","Z","Retro","2023-05-29","￦100,000","","","","","","","","","","","","","","","","","","","",""
"정영재","T","이영한","Z","Neo Heartbreak Ridge Line","2023-05-29","￦100,000","￦100,000","","","","","","","","","","","","","","","","","","",""
"이영한","Z","정영재","T","Dark Origin","2023-05-29","￦100,000","","","","","","","","","","","","","","","","","","","",""
"이영한","Z","정영재","T","Nemesis","2023-05-29","￦100,000","","","","","","","","","","","","","","","","","","","",""
"정영재","T","이영한","Z","76","2023-05-29","￦100,000","","","","","","","","","","","","","","","","","","","",""
"정영재","T","이영한","Z","Neo Heartbreak Ridge Line","2023-05-29","￦100,000","","","","","","","","","","","","","","","","","","","",""
"정영재","T","이영한","Z","Dark Origin","2023-05-29","￦100,000","￦100,000","","","","","","","","","","","","","","","","","","",""
"도재욱","P","정영재","T","Retro","2023-06-02","￦100,000","","","","","","","","","","","","","","","","","","","",""
"정영재","T","도재욱","P","Vermeer","2023-06-02","￦100,000","","","","","","","","","","","","","","","","","","","",""
"도재욱","P","정영재","T","Dark Origin","2023-06-02","￦100,000","￦100,000","","","","","","","","","","","","","","","","","","",""
"도재욱","P","정영재","T","Neo Sylphid","2023-06-02","￦100,000","","","","","","","","","","","","","","","","","","","",""
"도재욱","P","정영재","T","Nemesis","2023-06-02","￦100,000","","","","","","","","","","","","","","","","","","","",""
"정영재","T","도재욱","P","Neo Heartbreak Ridge Line","2023-06-02","￦100,000","","","","","","","","","","","","","","","","","","","",""
"정영재","T","도재욱","P","76","2023-06-02","￦100,000","","","","","","","","","","","","","","","","","","","",""
"도재욱","P","정영재","T","Dark Origin","2023-06-02","￦100,000","","","","","","","","","","","","","","","","","","","",""
"도재욱","P","정영재","T","Vermeer","2023-06-02","￦100,000","￦100,000","","","","","","","","","","","","","","","","","","",""
"도재욱","P","김민철","Z","Neo Heartbreak Ridge Line","2023-06-12","￦100,000","","","","","","","","","","","","","","","","","","","",""
"김민철","Z","도재욱","P","Retro","2023-06-12","￦100,000","","","","","","","","","","","","","","","","","","","",""
"김민철","Z","도재욱","P","Neo Sylphid","2023-06-12","￦100,000","￦100,000","","","","","","","","","","","","","","","","","","",""
"김민철","Z","도재욱","P","Nemesis","2023-06-12","￦100,000","","","","","","","","","","","","","","","","","","","",""
"도재욱","P","김민철","Z","Vermeer","2023-06-12","￦100,000","￦100,000","","","","","","","","","","","","","","","","","","",""
"도재욱","P","김민철","Z","76","2023-06-12","￦100,000","","","","","","","","","","","","","","","","","","","",""
"김민철","Z","도재욱","P","Dark Origin","2023-06-12","￦100,000","","","","","","","","","","","","","","","","","","","",""
"도재욱","P","김민철","Z","Neo Sylphid","2023-06-12","￦100,000","","","","","","","","","","","","","","","","","","","",""
"도재욱","P","김민철","Z","Retro","2023-06-12","￦100,000","","","","","","","","","","","","","","","","","","","",""
"김지성","T","도재욱","P","Vermeer","2023-06-16","￦100,000","","","","","","","","","","","","","","","","","","","",""
"김지성","T","도재욱","P","Dark Origin","2023-06-16","￦100,000","￦100,000","","","","","","","","","","","","","","","","","","",""
"도재욱","P","김지성","T","Neo Sylphid","2023-06-16","￦100,000","","","","","","","","","","","","","","","","","","","",""
"도재욱","P","김지성","T","Nemesis","2023-06-16","￦100,000","","","","","","","","","","","","","","","","","","","",""
"도재욱","P","김지성","T","76","2023-06-16","￦100,000","","","","","","","","","","","","","","","","","","","",""
"도재욱","P","김지성","T","Neo Heartbreak Ridge Line","2023-06-16","￦100,000","","","","","","","","","","","","","","","","","","","",""
"김지성","T","도재욱","P","Retro","2023-06-16","￦100,000","","","","","","","","","","","","","","","","","","","",""
"도재욱","P","김지성","T","Neo Sylphid","2023-06-16","￦100,000","","","","","","","","","","","","","","","","","","","",""
"도재욱","P","김지성","T","Vermeer","2023-06-16","￦100,000","￦100,000","","","","","","","","","","","","","","","","","","",""
"이재호","T","도재욱","P","Neo Sylphid","2023-06-22","￦100,000","","","","","","","","","","","","","","","","","","","",""
"도재욱","P","이재호","T","Neo Heartbreak Ridge Line","2023-06-22","￦100,000","￦100,000","","","","","","","","","","","","","","","","","","",""
"도재욱","P","이재호","T","76","2023-06-22","￦100,000","","","","","","","","","","","","","","","","","","","",""
"도재욱","P","이재호","T","Nemesis","2023-06-22","￦100,000","","","","","","","","","","","","","","","","","","","",""
"이재호","T","도재욱","P","Vermeer","2023-06-22","￦100,000","","","","","","","","","","","","","","","","","","","",""
"도재욱","P","이재호","T","Dark Origin","2023-06-22","￦100,000","","","","","","","","","","","","","","","","","","","",""
"이재호","T","도재욱","P","Retro","2023-06-22","￦100,000","￦100,000","","","","","","","","","","","","","","","","","","",""
"도재욱","P","이재호","T","Neo Heartbreak Ridge Line","2023-06-22","￦100,000","","","","","","","","","","","","","","","","","","","",""
"도재욱","P","이재호","T","Vermeer","2023-06-22","￦100,000","","","","","","","","","","","","","","","","","","","",""
"박상현","Z","도재욱","P","76","2023-06-29","￦100,000","","","","","","","","","","","","","","","","","","","",""
"박상현","Z","도재욱","P","Neo Sylphid","2023-06-29","￦100,000","￦100,000","","","","","","","","","","","","","","","","","","",""
"도재욱","P","박상현","Z","Retro","2023-06-29","￦100,000","","","","","","","","","","","","","","","","","","","",""
"박상현","Z","도재욱","P","Neo Heartbreak Ridge Line","2023-06-29","￦100,000","","","","","","","","","","","","","","","","","","","",""
"박상현","Z","도재욱","P","Nemesis","2023-06-29","￦100,000","","","","","","","","","","","","","","","","","","","",""
"박상현","Z","도재욱","P","Vermeer","2023-06-29","￦100,000","￦100,000","","","","","","","","","","","","","","","","","","",""
"도재욱","P","박상현","Z","Dark Origin","2023-06-29","￦100,000","","","","","","","","","","","","","","","","","","","",""
"박상현","Z","도재욱","P","76","2023-06-29","￦100,000","","","","","","","","","","","","","","","","","","","",""
"도재욱","P","박상현","Z","Neo Sylphid","2023-06-29","￦100,000","","","","","","","","","","","","","","","","","","","",""
"김지성","T","박상현","Z","Vermeer","2023-07-10","￦100,000","","","","","","","","","","","","","","","","","","","",""
"김지성","T","박상현","Z","Retro","2023-07-10","￦100,000","","","","","","","","","","","","","","","","","","","",""
"박상현","Z","김지성","T","Neo Sylphid","2023-07-10","￦100,000","","","","","","","","","","","","","","","","","","","",""
"박상현","Z","김지성","T","Neo Heartbreak Ridge Line","2023-07-10","￦100,000","","","","","","","","","","","","","","","","","","","",""
"김지성","T","박상현","Z","Dark Origin","2023-07-10","￦100,000","","","","","","","","","","","","","","","","","","","",""
"김지성","T","박상현","Z","Retro","2023-07-10","￦100,000","￦100,000","","","","","","","","","","","","","","","","","","",""
"박상현","Z","김지성","T","Neo Heartbreak Ridge Line","2023-07-10","￦100,000","","","","","","","","","","","","","","","","","","","",""
"김지성","T","박상현","Z","Vermeer","2023-07-10","￦100,000","￦100,000","","","","","","","","","","","","","","","","","","",""
"박상현","Z","김지성","T","Dark Origin","2023-07-10","￦100,000","","","","","","","","","","","","","","","","","","","",""
"변현제","P","김지성","T","Neo Dark Origin","2023-07-17","￦100,000","","","","","","","","","","","","","","","","","","","",""
"변현제","P","김지성","T","La Campanella","2023-07-17","￦100,000","￦100,000","","","","","","","","","","","","","","","","","","",""
"김지성","T","변현제","P","Apocalypse","2023-07-17","￦100,000","","","","","","","","","","","","","","","","","","","",""
"김지성","T","변현제","P","Tempest","2023-07-17","￦100,000","","","","","","","","","","","","","","","","","","","",""
"변현제","P","김지성","T","Retro","2023-07-17","￦100,000","","","","","","","","","","","","","","","","","","","",""
"김지성","T","변현제","P","La Campanella","2023-07-17","￦100,000","","","","","","","","","","","","","","","","","","","",""
"김지성","T","변현제","P","Neo Dark Origin","2023-07-17","￦100,000","￦100,000","","","","","","","","","","","","","","","","","","",""
"변현제","P","김지성","T","Apocalypse","2023-07-17","￦100,000","","","","","","","","","","","","","","","","","","","",""
"김지성","T","변현제","P","Retro","2023-07-17","￦100,000","","","","","","","","","","","","","","","","","","","",""
"김지성","T","조일장","Z","Apocalypse","2023-07-31","￦100,000","","","","","","","","","","","","","","","","","","","",""
"조일장","Z","김지성","T","Polypoid","2023-07-31","￦100,000","","","","","","","","","","","","","","","","","","","",""
"김지성","T","조일장","Z","La Campanella","2023-07-31","￦100,000","","","","","","","","","","","","","","","","","","","",""
"김지성","T","조일장","Z","Invader","2023-07-31","￦100,000","","","","","","","","","","","","","","","","","","","",""
"조일장","Z","김지성","T","Retro","2023-07-31","￦100,000","","","","","","","","","","","","","","","","","","","",""
"김지성","T","조일장","Z","La Campanella","2023-07-31","￦100,000","","","","","","","","","","","","","","","","","","","",""
"조일장","Z","김지성","T","Retro","2023-07-31","￦100,000","￦100,000","","","","","","","","","","","","","","","","","","",""
"김지성","T","조일장","Z","Polypoid","2023-07-31","￦100,000","￦100,000","","","","","","","","","","","","","","","","","","",""
"조일장","Z","김지성","T","Invader","2023-07-31","￦100,000","","","","","","","","","","","","","","","","","","","",""
"장윤철","P","김지성","T","Neo Dark Origin","2023-08-03","￦100,000","","","","","","","","","","","","","","","","","","","",""
"장윤철","P","김지성","T","Polypoid","2023-08-03","￦100,000","","","","","","","","","","","","","","","","","","","",""
"김지성","T","장윤철","P","Tempest","2023-08-03","￦100,000","","","","","","","","","","","","","","","","","","","",""
"장윤철","P","김지성","T","Apocalypse","2023-08-03","￦100,000","","","","","","","","","","","","","","","","","","","",""
"장윤철","P","김지성","T","Retro","2023-08-03","￦100,000","","","","","","","","","","","","","","","","","","","",""
"장윤철","P","김지성","T","Polypoid","2023-08-03","￦100,000","￦100,000","","","","","","","","","","","","","","","","","","",""
"김지성","T","장윤철","P","Retro","2023-08-03","￦100,000","","","","","","","","","","","","","","","","","","","",""
"장윤철","P","김지성","T","Apocalypse","2023-08-03","￦100,000","","","","","","","","","","","","","","","","","","","",""
"장윤철","P","김지성","T","Tempest","2023-08-03","￦100,000","￦100,000","","","","","","","","","","","","","","","","","","",""
"장윤철","P","김성대","Z","Retro","2023-08-07","￦100,000","","","","","","","","","","","","","","","","","","","",""
"김성대","Z","장윤철","P","Polypoid","2023-08-07","￦100,000","￦100,000","","","","","","","","","","","","","","","","","","",""
"장윤철","P","김성대","Z","Neo Dark Origin","2023-08-07","￦100,000","","","","","","","","","","","","","","","","","","","",""
"장윤철","P","김성대","Z","Tempest","2023-08-07","￦100,000","","","","","","","","","","","","","","","","","","","",""
"장윤철","P","김성대","Z","Apocalypse","2023-08-07","￦100,000","","","","","","","","","","","","","","","","","","","",""
"김성대","Z","장윤철","P","Retro","2023-08-07","￦100,000","","","","","","","","","","","","","","","","","","","",""
"장윤철","P","김성대","Z","Neo Dark Origin","2023-08-07","￦100,000","","","","","","","","","","","","","","","","","","","",""
"장윤철","P","김성대","Z","Polypoid","2023-08-07","￦100,000","","","","","","","","","","","","","","","","","","","",""
"장윤철","P","김성대","Z","Tempest","2023-08-07","￦100,000","￦100,000","","","","","","","","","","","","","","","","","","",""
"윤찬희","T","송병구","P","Polypoid","2023-08-17","￦100,000","","","","","","","","","","","","","","","","","","","",""
"송병구","P","윤찬희","T","Apocalypse","2023-08-17","￦100,000","","","","","","","","","","","","","","","","","","","",""
"송병구","P","윤찬희","T","Retro","2023-08-17","￦100,000","","","","","","","","","","","","","","","","","","","",""
"윤찬희","T","송병구","P","Neo Dark Origin","2023-08-17","￦100,000","￦100,000","","","","","","","","","","","","","","","","","","",""
"송병구","P","윤찬희","T","Tempest","2023-08-17","￦100,000","","","","","","","","","","","","","","","","","","","",""
"송병구","P","윤찬희","T","Polypoid","2023-08-17","￦100,000","￦100,000","","","","","","","","","","","","","","","","","","",""
"윤찬희","T","송병구","P","Apocalypse","2023-08-17","￦100,000","","","","","","","","","","","","","","","","","","","",""
"윤찬희","T","송병구","P","Neo Dark Origin","2023-08-17","￦100,000","","","","","","","","","","","","","","","","","","","",""
"송병구","P","윤찬희","T","Tempest","2023-08-17","￦100,000","","","","","","","","","","","","","","","","","","","",""
"장윤철","P","김명운","Z","Retro","2023-08-24","￦100,000","","","","","","","","","","","","","","","","","","","",""
"장윤철","P","김명운","Z","Polypoid","2023-08-24","￦100,000","","","","","","","","","","","","","","","","","","","",""
"장윤철","P","김명운","Z","Apocalypse","2023-08-24","￦100,000","","","","","","","","","","","","","","","","","","","",""
"장윤철","P","김명운","Z","Tempest","2023-08-24","￦100,000","","","","","","","","","","","","","","","","","","","",""
"장윤철","P","김명운","Z","Neo Dark Origin","2023-08-24","￦100,000","","","","","","","","","","","","","","","","","","","",""
"장윤철","P","김명운","Z","Retro","2023-08-24","￦100,000","￦100,000","","","","","","","","","","","","","","","","","","",""
"김명운","Z","장윤철","P","Polypoid","2023-08-24","￦100,000","","","","","","","","","","","","","","","","","","","",""
"김명운","Z","장윤철","P","Apocalypse","2023-08-24","￦100,000","￦100,000","","","","","","","","","","","","","","","","","","",""
"김명운","Z","장윤철","P","Tempest","2023-08-24","￦100,000","","","","","","","","","","","","","","","","","","","",""
"장윤철","P","박준오","Z","Tempest","2023-09-07","￦100,000","","","","","","","","","","","","","","","","","","","",""
"장윤철","P","박준오","Z","Apocalypse","2023-09-07","￦100,000","","","","","","","","","","","","","","","","","","","",""
"장윤철","P","박준오","Z","Polypoid","2023-09-07","￦100,000","","","","","","","","","","","","","","","","","","","",""
"장윤철","P","박준오","Z","Retro","2023-09-07","￦100,000","","","","","","","","","","","","","","","","","","","",""
"장윤철","P","박준오","Z","Neo Dark Origin","2023-09-07","￦100,000","","","","","","","","","","","","","","","","","","","",""
"장윤철","P","박준오","Z","Tempest","2023-09-07","￦100,000","￦100,000","","","","","","","","","","","","","","","","","","",""
"박준오","Z","장윤철","P","Polypoid","2023-09-07","￦100,000","","","","","","","","","","","","","","","","","","","",""
"장윤철","P","박준오","Z","Neo Dark Origin","2023-09-07","￦100,000","","","","","","","","","","","","","","","","","","","",""
"장윤철","P","박준오","Z","Retro","2023-09-07","￦100,000","￦100,000","","","","","","","","","","","","","","","","","","",""
"장윤철","P","이재호","T","Polypoid","2023-09-10","￦100,000","","","","","","","","","","","","","","","","","","","",""
"장윤철","P","이재호","T","Retro","2023-09-10","￦100,000","","","","","","","","","","","","","","","","","","","",""
"이재호","T","장윤철","P","Apocalypse","2023-09-10","￦100,000","","","","","","","","","","","","","","","","","","","",""
"이재호","T","장윤철","P","Invader","2023-09-10","￦100,000","","","","","","","","","","","","","","","","","","","",""
"장윤철","P","이재호","T","Tempest","2023-09-10","￦100,000","","","","","","","","","","","","","","","","","","","",""
"장윤철","P","이재호","T","Polypoid","2023-09-10","￦100,000","￦100,000","","","","","","","","","","","","","","","","","","",""
"이재호","T","장윤철","P","Retro","2023-09-10","￦100,000","","","","","","","","","","","","","","","","","","","",""
"장윤철","P","이재호","T","Apocalypse","2023-09-10","￦100,000","","","","","","","","","","","","","","","","","","","",""
"이재호","T","장윤철","P","Invader","2023-09-10","￦100,000","￦100,000","","","","","","","","","","","","","","","","","","",""
"박상현","Z","장윤철","P","Polypoid","2023-09-20","￦100,000","","","","","","","","","","","","","","","","","","","",""
"박상현","Z","장윤철","P","Neo Dark Origin","2023-09-20","￦100,000","","","","","","","","","","","","","","","","","","","",""
"박상현","Z","장윤철","P","Retro","2023-09-20","￦100,000","","","","","","","","","","","","","","","","","","","",""
"장윤철","P","박상현","Z","Apocalypse","2023-09-20","￦100,000","","","","","","","","","","","","","","","","","","","",""
"박상현","Z","장윤철","P","Tempest","2023-09-20","￦100,000","","","","","","","","","","","","","","","","","","","",""
"박상현","Z","장윤철","P","Apocalypse","2023-09-20","￦100,000","","","","","","","","","","","","","","","","","","","",""
"장윤철","P","박상현","Z","Tempest","2023-09-20","￦100,000","","","","","","","","","","","","","","","","","","","",""
"박상현","Z","장윤철","P","Polypoid","2023-09-20","￦100,000","￦100,000","","","","","","","","","","","","","","","","","","",""
"장윤철","P","박상현","Z","Neo Dark Origin","2023-09-20","￦100,000","￦100,000","","","","","","","","","","","","","","","","","","",""
"정영재","T","박상현","Z","Polypoid","2023-09-27","￦100,000","￦100,000","","","","","","","","","","","","","","","","","","",""
"박상현","Z","정영재","T","Tempest","2023-09-27","￦100,000","￦100,000","","","","","","","","","","","","","","","","","","",""
"정영재","T","박상현","Z","Retro","2023-09-27","￦100,000","","","","","","","","","","","","","","","","","","","",""
"박상현","Z","정영재","T","Neo Dark Origin","2023-09-27","￦100,000","","","","","","","","","","","","","","","","","","","",""
"정영재","T","박상현","Z","Apocalypse","2023-09-27","￦100,000","","","","","","","","","","","","","","","","","","","",""
"박상현","Z","정영재","T","Tempest","2023-09-27","￦100,000","","","","","","","","","","","","","","","","","","","",""
"정영재","T","박상현","Z","Polypoid","2023-09-27","￦100,000","","","","","","","","","","","","","","","","","","","",""
"박상현","Z","정영재","T","Neo Dark Origin","2023-09-27","￦100,000","","","","","","","","","","","","","","","","","","","",""
"박상현","Z","정영재","T","Retro","2023-09-27","￦100,000","","","","","","","","","","","","","","","","","","","",""
"박상현","Z","유영진","T","Polypoid","2023-10-13","￦100,000","","","","","","","","","","","","","","","","","","","",""
"박상현","Z","유영진","T","Retro","2023-10-13","￦100,000","","","","","","","","","","","","","","","","","","","",""
"유영진","T","박상현","Z","Apocalypse","2023-10-13","￦100,000","","","","","","","","","","","","","","","","","","","",""
"유영진","T","박상현","Z","Invader","2023-10-13","￦100,000","","","","","","","","","","","","","","","","","","","",""
"박상현","Z","유영진","T","Tempest","2023-10-13","￦100,000","￦100,000","","","","","","","","","","","","","","","","","","",""
"박상현","Z","유영진","T","Polypoid","2023-10-13","￦100,000","￦100,000","","","","","","","","","","","","","","","","","","",""
"박상현","Z","유영진","T","Retro","2023-10-13","￦100,000","","","","","","","","","","","","","","","","","","","",""
"박상현","Z","유영진","T","Apocalypse","2023-10-13","￦100,000","","","","","","","","","","","","","","","","","","","",""
"박상현","Z","유영진","T","Invader","2023-10-13","￦100,000","","","","","","","","","","","","","","","","","","","",""
"박상현","Z","김지성","T","Tempest","2023-10-20","￦100,000","","","","","","","","","","","","","","","","","","","",""
"김지성","T","박상현","Z","Polypoid","2023-10-20","￦100,000","￦100,000","","","","","","","","","","","","","","","","","","",""
"박상현","Z","김지성","T","Retro","2023-10-20","￦100,000","","","","","","","","","","","","","","","","","","","",""
"박상현","Z","김지성","T","Apocalypse","2023-10-20","￦100,000","","","","","","","","","","","","","","","","","","","",""
"박상현","Z","김지성","T","Invader","2023-10-20","￦100,000","","","","","","","","","","","","","","","","","","","",""
"박상현","Z","김지성","T","Polypoid","2023-10-20","￦100,000","","","","","","","","","","","","","","","","","","","",""
"박상현","Z","김지성","T","Invader","2023-10-20","￦100,000","","","","","","","","","","","","","","","","","","","",""
"박상현","Z","김지성","T","Retro","2023-10-20","￦100,000","￦100,000","","","","","","","","","","","","","","","","","","",""
"박상현","Z","김지성","T","Tempest","2023-10-20","￦100,000","","","","","","","","","","","","","","","","","","","",""
"이재호","T","박상현","Z","Apocalypse","2023-10-31","￦100,000","","","","","","","","","","","","","","","","","","","",""
"이재호","T","박상현","Z","Retro","2023-10-31","￦100,000","￦100,000","","","","","","","","","","","","","","","","","","",""
"이재호","T","박상현","Z","Tempest","2023-10-31","￦100,000","","","","","","","","","","","","","","","","","","","",""
"이재호","T","박상현","Z","La Campanella","2023-10-31","￦100,000","￦100,000","","","","","","","","","","","","","","","","","","",""
"이재호","T","박상현","Z","Invader","2023-10-31","￦100,000","","","","","","","","","","","","","","","","","","","",""
"이재호","T","박상현","Z","Tempest","2023-10-31","￦100,000","","","","","","","","","","","","","","","","","","","",""
"박상현","Z","이재호","T","Retro","2023-10-31","￦100,000","","","","","","","","","","","","","","","","","","","",""
"박상현","Z","이재호","T","La Campanella","2023-10-31","￦100,000","","","","","","","","","","","","","","","","","","","",""
"이재호","T","박상현","Z","Apocalypse","2023-10-31","￦100,000","","","","","","","","","","","","","","","","","","","",""
"도재욱","P","이재호","T","Invader","2023-12-07","￦100,000","","","","","","","","","","","","","","","","","","","",""
"이재호","T","도재욱","P","Polypoid","2023-12-07","￦100,000","￦100,000","","","","","","","","","","","","","","","","","","",""
"도재욱","P","이재호","T","Apocalypse","2023-12-07","￦100,000","￦100,000","","","","","","","","","","","","","","","","","","",""
"도재욱","P","이재호","T","Retro","2023-12-07","￦100,000","","","","","","","","","","","","","","","","","","","",""
"이재호","T","도재욱","P","Tempest","2023-12-07","￦100,000","","","","","","","","","","","","","","","","","","","",""
"이재호","T","도재욱","P","Invader","2023-12-07","￦100,000","","","","","","","","","","","","","","","","","","","",""
"도재욱","P","이재호","T","Apocalypse","2023-12-07","￦100,000","","","","","","","","","","","","","","","","","","","",""
"이재호","T","도재욱","P","Polypoid","2023-12-07","￦100,000","","","","","","","","","","","","","","","","","","","",""
"이재호","T","도재욱","P","Retro","2023-12-07","￦100,000","","","","","","","","","","","","","","","","","","","",""
"김민철","Z","이재호","T","Apocalypse","2023-12-11","￦100,000","","","","","","","","","","","","","","","","","","","",""
"이재호","T","김민철","Z","Retro","2023-12-11","￦100,000","","","","","","","","","","","","","","","","","","","",""
"김민철","Z","이재호","T","Tempest","2023-12-11","￦100,000","","","","","","","","","","","","","","","","","","","",""
"이재호","T","김민철","Z","La Campanella","2023-12-11","￦100,000","","","","","","","","","","","","","","","","","","","",""
"김민철","Z","이재호","T","Neo Dark Origin","2023-12-11","￦100,000","","","","","","","","","","","","","","","","","","","",""
"정영재","T","박상현","Z","La Campanella","2023-12-11","￦100,000","","","","","","","","","","","","","","","","","","","",""
"박상현","Z","정영재","T","Neo Dark Origin","2023-12-11","￦100,000","","","","","","","","","","","","","","","","","","","",""
"박상현","Z","정영재","T","Polypoid","2023-12-11","￦100,000","","","","","","","","","","","","","","","","","","","",""
"정영재","T","박상현","Z","Retro","2023-12-11","￦100,000","","","","","","","","","","","","","","","","","","","",""
"정영재","T","박상현","Z","Tempest","2023-12-11","￦100,000","","","","","","","","","","","","","","","","","","","",""
"김민철","Z","정영재","T","Tempest","2023-12-12","￦100,000","","","","","","","","","","","","","","","","","","","",""
"정영재","T","김민철","Z","Retro","2023-12-12","￦100,000","","","","","","","","","","","","","","","","","","","",""
"정영재","T","김민철","Z","Neo Dark Origin","2023-12-12","￦100,000","","","","","","","","","","","","","","","","","","","",""
"정영재","T","김민철","Z","La Campanella","2023-12-12","￦100,000","","","","","","","","","","","","","","","","","","","",""
"김민철","Z","정영재","T","Apocalypse","2023-12-12","￦100,000","","","","","","","","","","","","","","","","","","","",""
"김민철","Z","정영재","T","La Campanella","2023-12-12","￦100,000","","","","","","","","","","","","","","","","","","","",""
"김민철","Z","정영재","T","Retro","2023-12-12","￦100,000","","","","","","","","","","","","","","","","","","","",""
"정영재","T","김민철","Z","Apocalypse","2023-12-12","￦100,000","","","","","","","","","","","","","","","","","","","",""
"김민철","Z","정영재","T","Tempest","2023-12-12","￦100,000","","","","","","","","","","","","","","","","","","","",""
"장윤철","P","김지성","T","Polypoid","2023-12-18","￦100,000","","","","","","","","","","","","","","","","","","","",""
"김지성","T","장윤철","P","Tempest","2023-12-18","￦100,000","","","","","","","","","","","","","","","","","","","",""
"김지성","T","장윤철","P","Apocalypse","2023-12-18","￦100,000","","","","","","","","","","","","","","","","","","","",""
"김지성","T","장윤철","P","Neo Dark Origin","2023-12-18","￦100,000","","","","","","","","","","","","","","","","","","","",""
"장윤철","P","김지성","T","Retro","2023-12-18","￦100,000","","","","","","","","","","","","","","","","","","","",""
"김지성","T","장윤철","P","Apocalypse","2023-12-18","￦100,000","","","","","","","","","","","","","","","","","","","",""
"김지성","T","장윤철","P","Neo Dark Origin","2023-12-18","￦100,000","","","","","","","","","","","","","","","","","","","",""
"김지성","T","장윤철","P","Polypoid","2023-12-18","￦100,000","","","","","","","","","","","","","","","","","","","",""
"장윤철","P","김지성","T","Tempest","2023-12-18","￦100,000","","","","","","","","","","","","","","","","","","","",""
"유영진","T","도재욱","P","Polypoid","2023-12-19","￦100,000","","","","","","","","","","","","","","","","","","","",""
"도재욱","P","유영진","T","Apocalypse","2023-12-19","￦100,000","","","","","","","","","","","","","","","","","","","",""
"도재욱","P","유영진","T","La Campanella","2023-12-19","￦100,000","","","","","","","","","","","","","","","","","","","",""
"유영진","T","도재욱","P","Tempest","2023-12-19","￦100,000","","","","","","","","","","","","","","","","","","","",""
"도재욱","P","유영진","T","Neo Dark Origin","2023-12-19","￦100,000","","","","","","","","","","","","","","","","","","","",""
"도재욱","P","유영진","T","La Campanella","2023-12-19","￦100,000","","","","","","","","","","","","","","","","","","","",""
"유영진","T","도재욱","P","Polypoid","2023-12-19","￦100,000","","","","","","","","","","","","","","","","","","","",""
"유영진","T","도재욱","P","Apocalypse","2023-12-19","￦100,000","","","","","","","","","","","","","","","","","","","",""
"도재욱","P","유영진","T","Neo Dark Origin","2023-12-19","￦100,000","","","","","","","","","","","","","","","","","","","",""
"박상현","Z","변현제","P","Retro","2023-12-21","￦100,000","","","","","","","","","","","","","","","","","","","",""
"박상현","Z","변현제","P","Apocalypse","2023-12-21","￦100,000","","","","","","","","","","","","","","","","","","","",""
"변현제","P","박상현","Z","Polypoid","2023-12-21","￦100,000","","","","","","","","","","","","","","","","","","","",""
"박상현","Z","변현제","P","Neo Dark Origin","2023-12-21","￦100,000","","","","","","","","","","","","","","","","","","","",""
"박상현","Z","변현제","P","Tempest","2023-12-21","￦100,000","","","","","","","","","","","","","","","","","","","",""
"박상현","Z","변현제","P","Polypoid","2023-12-21","￦100,000","","","","","","","","","","","","","","","","","","","",""
"박상현","Z","변현제","P","Apocalypse","2023-12-21","￦100,000","","","","","","","","","","","","","","","","","","","",""
"변현제","P","박상현","Z","Tempest","2023-12-21","￦100,000","","","","","","","","","","","","","","","","","","","",""
"변현제","P","박상현","Z","Neo Dark Origin","2023-12-21","￦100,000","","","","","","","","","","","","","","","","","","","",""
"김민철","Z","이재호","T","Tempest","2023-12-22","￦100,000","","","","","","","","","","","","","","","","","","","",""
"김민철","Z","이재호","T","Retro","2023-12-22","￦100,000","","","","","","","","","","","","","","","","","","","",""
"김민철","Z","이재호","T","Apocalypse","2023-12-22","￦100,000","","","","","","","","","","","","","","","","","","","",""
"이재호","T","김민철","Z","La Campanella","2023-12-22","￦100,000","","","","","","","","","","","","","","","","","","","",""
"김민철","Z","이재호","T","Invader","2023-12-22","￦100,000","","","","","","","","","","","","","","","","","","","",""
"김민철","Z","이재호","T","Retro","2023-12-22","￦100,000","","","","","","","","","","","","","","","","","","","",""
"이재호","T","김민철","Z","Apocalypse","2023-12-22","￦100,000","","","","","","","","","","","","","","","","","","","",""
"이재호","T","김민철","Z","Tempest","2023-12-22","￦100,000","","","","","","","","","","","","","","","","","","","",""
"김민철","Z","이재호","T","Invader","2023-12-22","￦100,000","","","","","","","","","","","","","","","","","","","",""
"도재욱","P","박상현","Z","Polypoid","2023-12-23","￦100,000","","","","","","","","","","","","","","","","","","","",""
"도재욱","P","박상현","Z","Tempest","2023-12-23","￦100,000","","","","","","","","","","","","","","","","","","","",""
"도재욱","P","박상현","Z","Retro","2023-12-23","￦100,000","","","","","","","","","","","","","","","","","","","",""
"박상현","Z","도재욱","P","Neo Dark Origin","2023-12-23","￦100,000","","","","","","","","","","","","","","","","","","","",""
"박상현","Z","도재욱","P","Invader","2023-12-23","￦100,000","","","","","","","","","","","","","","","","","","","",""
"박상현","Z","도재욱","P","Invader","2023-12-23","￦100,000","","","","","","","","","","","","","","","","","","","",""
"박상현","Z","도재욱","P","Neo Dark Origin","2023-12-23","￦100,000","","","","","","","","","","","","","","","","","","","",""
"도재욱","P","박상현","Z","Retro","2023-12-23","￦100,000","","","","","","","","","","","","","","","","","","","",""
"도재욱","P","박상현","Z","Polypoid","2023-12-23","￦100,000","","","","","","","","","","","","","","","","","","","",""
"김민철","Z","김지성","T","Neo Dark Origin","2023-12-26","￦100,000","","","","","","","","","","","","","","","","","","","",""
"김지성","T","김민철","Z","Retro","2023-12-26","￦100,000","￦100,000","","","","","","","","","","","","","","","","","","",""
"김민철","Z","김지성","T","Invader","2023-12-26","￦100,000","","","","","","","","","","","","","","","","","","","",""
"김지성","T","김민철","Z","Apocalypse","2023-12-26","￦100,000","","","","","","","","","","","","","","","","","","","",""
"김민철","Z","김지성","T","La Campanella","2023-12-26","￦100,000","","","","","","","","","","","","","","","","","","","",""
"김민철","Z","김지성","T","Apocalypse","2023-12-26","￦100,000","","","","","","","","","","","","","","","","","","","",""
"김민철","Z","김지성","T","Invader","2023-12-26","￦100,000","￦100,000","","","","","","","","","","","","","","","","","","",""
"김지성","T","김민철","Z","Retro","2023-12-26","￦100,000","","","","","","","","","","","","","","","","","","","",""
"김지성","T","김민철","Z","Neo Dark Origin","2023-12-26","￦100,000","","","","","","","","","","","","","","","","","","","",""
"김민철","Z","도재욱","P","Apocalypse","2023-12-27","￦200,000","","","","","","","","","","","","","","","","","","","",""
"김민철","Z","도재욱","P","Neo Dark Origin","2023-12-27","￦200,000","","","","","","","","","","","","","","","","","","","",""
"도재욱","P","김민철","Z","Polypoid","2023-12-27","￦200,000","","","","","","","","","","","","","","","","","","","",""
"도재욱","P","김민철","Z","Tempest","2023-12-27","￦200,000","","","","","","","","","","","","","","","","","","","",""
"도재욱","P","김민철","Z","Retro","2023-12-27","￦200,000","","","","","","","","","","","","","","","","","","","",""
"김민철","Z","도재욱","P","Tempest","2023-12-27","￦200,000","","","","","","","","","","","","","","","","","","","",""
"도재욱","P","김민철","Z","Polypoid","2023-12-27","￦200,000","","","","","","","","","","","","","","","","","","","",""
"도재욱","P","김민철","Z","Neo Dark Origin","2023-12-27","￦200,000","","","","","","","","","","","","","","","","","","","",""
"김민철","Z","도재욱","P","Retro","2023-12-27","￦200,000","","","","","","","","","","","","","","","","","","","",""
"도재욱","P","이재호","T","Apocalypse","2024-01-09","￦100,000","","","","","","","","","","","","","","","","","","","",""
"이재호","T","도재욱","P","Retro","2024-01-09","￦100,000","￦100,000","","","","","","","","","","","","","","","","","","",""
"이재호","T","도재욱","P","Neo Dark Origin","2024-01-09","￦100,000","￦100,000","","","","","","","","","","","","","","","","","","",""
"도재욱","P","이재호","T","La Campanella","2024-01-09","￦100,000","","","","","","","","","","","","","","","","","","","",""
"도재욱","P","이재호","T","Tempest","2024-01-09","￦100,000","","","","","","","","","","","","","","","","","","","",""
"이재호","T","도재욱","P","Retro","2024-01-09","￦100,000","","","","","","","","","","","","","","","","","","","",""
"도재욱","P","이재호","T","Apocalypse","2024-01-09","￦100,000","","","","","","","","","","","","","","","","","","","",""
"이재호","T","도재욱","P","La Campanella","2024-01-09","￦100,000","","","","","","","","","","","","","","","","","","","",""
"도재욱","P","이재호","T","Tempest","2024-01-09","￦100,000","","","","","","","","","","","","","","","","","","","",""
"도재욱","P","김명운","Z","Retro","2024-01-16","￦100,000","","","","","","","","","","","","","","","","","","","",""
"도재욱","P","김명운","Z","Neo Dark Origin","2024-01-16","￦100,000","","","","","","","","","","","","","","","","","","","",""
"김명운","Z","도재욱","P","Polypoid","2024-01-16","￦100,000","","","","","","","","","","","","","","","","","","","",""
"김명운","Z","도재욱","P","Apocalypse","2024-01-16","￦100,000","￦100,000","","","","","","","","","","","","","","","","","","",""
"김명운","Z","도재욱","P","Tempest","2024-01-16","￦100,000","","","","","","","","","","","","","","","","","","","",""
"도재욱","P","김명운","Z","Apocalypse","2024-01-16","￦100,000","","","","","","","","","","","","","","","","","","","",""
"도재욱","P","김명운","Z","Retro","2024-01-16","￦100,000","￦100,000","","","","","","","","","","","","","","","","","","",""
"김명운","Z","도재욱","P","Neo Dark Origin","2024-01-16","￦100,000","","","","","","","","","","","","","","","","","","","",""
"도재욱","P","김명운","Z","Polypoid","2024-01-16","￦100,000","","","","","","","","","","","","","","","","","","","",""
"유영진","T","도재욱","P","La Campanella","2024-01-18","￦100,000","","","","","","","","","","","","","","","","","","","",""
"유영진","T","도재욱","P","Apocalypse","2024-01-18","￦100,000","￦100,000","","","","","","","","","","","","","","","","","","",""
"유영진","T","도재욱","P","Neo Dark Origin","2024-01-18","￦100,000","","","","","","","","","","","","","","","","","","","",""
"도재욱","P","유영진","T","Retro","2024-01-18","￦100,000","","","","","","","","","","","","","","","","","","","",""
"도재욱","P","유영진","T","Tempest","2024-01-18","￦100,000","","","","","","","","","","","","","","","","","","","",""
"도재욱","P","유영진","T","La Campanella","2024-01-18","￦100,000","","","","","","","","","","","","","","","","","","","",""
"유영진","T","도재욱","P","Retro","2024-01-18","￦100,000","￦100,000","","","","","","","","","","","","","","","","","","",""
"도재욱","P","유영진","T","Apocalypse","2024-01-18","￦100,000","","","","","","","","","","","","","","","","","","","",""
"유영진","T","도재욱","P","Neo Dark Origin","2024-01-18","￦100,000","","","","","","","","","","","","","","","","","","","",""
"유영진","T","변현제","P","BlitzY","2024-02-13","￦100,000","","","","","","","","","","","","","","","","","","","",""
"변현제","P","유영진","T","Apocalypse","2024-02-13","￦100,000","","","","","","","","","","","","","","","","","","","",""
"변현제","P","유영진","T","Retro","2024-02-13","￦100,000","","","","","","","","","","","","","","","","","","","",""
"유영진","T","변현제","P","Citadel","2024-02-13","￦100,000","","","","","","","","","","","","","","","","","","","",""
"유영진","T","변현제","P","Neo Dark Origin","2024-02-13","￦100,000","","","","","","","","","","","","","","","","","","","",""
"변현제","P","유영진","T","BlitzY","2024-02-13","￦100,000","￦100,000","","","","","","","","","","","","","","","","","","",""
"유영진","T","변현제","P","Citadel","2024-02-13","￦100,000","￦100,000","","","","","","","","","","","","","","","","","","",""
"변현제","P","유영진","T","Neo Dark Origin","2024-02-13","￦100,000","","","","","","","","","","","","","","","","","","","",""
"변현제","P","유영진","T","Retro","2024-02-13","￦100,000","","","","","","","","","","","","","","","","","","","",""
"김윤중","P","이제동","Z","Radeon","2024-02-15","￦100,000","","","","","","","","","","","","","","","","","","","",""
"이제동","Z","김윤중","P","Citadel","2024-02-15","￦100,000","￦100,000","","","","","","","","","","","","","","","","","","",""
"이제동","Z","김윤중","P","BlitzY","2024-02-15","￦100,000","￦100,000","","","","","","","","","","","","","","","","","","",""
"이제동","Z","김윤중","P","Apocalypse","2024-02-15","￦100,000","","","","","","","","","","","","","","","","","","","",""
"이제동","Z","김윤중","P","Retro","2024-02-15","￦100,000","","","","","","","","","","","","","","","","","","","",""
"이제동","Z","김윤중","P","Radeon","2024-02-15","￦100,000","","","","","","","","","","","","","","","","","","","",""
"김윤중","P","이제동","Z","BlitzY","2024-02-15","￦100,000","","","","","","","","","","","","","","","","","","","",""
"이제동","Z","김윤중","P","Retro","2024-02-15","￦100,000","","","","","","","","","","","","","","","","","","","",""
"이제동","Z","김윤중","P","Apocalypse","2024-02-15","￦100,000","","","","","","","","","","","","","","","","","","","",""
"송병구","P","전태양","T","Apocalypse","2024-02-16","￦100,000","","","","","","","","","","","","","","","","","","","",""
"송병구","P","전태양","T","Retro","2024-02-16","￦100,000","￦100,000","","","","","","","","","","","","","","","","","","",""
"송병구","P","전태양","T","Radeon","2024-02-16","￦100,000","","","","","","","","","","","","","","","","","","","",""
"송병구","P","전태양","T","Neo Dark Origin","2024-02-16","￦100,000","","","","","","","","","","","","","","","","","","","",""
"송병구","P","전태양","T","BlitzY","2024-02-16","￦100,000","","","","","","","","","","","","","","","","","","","",""
"송병구","P","전태양","T","Retro","2024-02-16","￦100,000","￦100,000","","","","","","","","","","","","","","","","","","",""
"전태양","T","송병구","P","Apocalypse","2024-02-16","￦100,000","","","","","","","","","","","","","","","","","","","",""
"전태양","T","송병구","P","Neo Dark Origin","2024-02-16","￦100,000","","","","","","","","","","","","","","","","","","","",""
"송병구","P","전태양","T","BlitzY","2024-02-16","￦100,000","","","","","","","","","","","","","","","","","","","",""
"변현제","P","조일장","Z","Radeon","2024-02-17","￦100,000","","","","","","","","","","","","","","","","","","","",""
"조일장","Z","변현제","P","Retro","2024-02-17","￦100,000","","","","","","","","","","","","","","","","","","","",""
"조일장","Z","변현제","P","BlitzY","2024-02-17","￦100,000","￦100,000","","","","","","","","","","","","","","","","","","",""
"변현제","P","조일장","Z","Apocalypse","2024-02-17","￦100,000","","","","","","","","","","","","","","","","","","","",""
"조일장","Z","변현제","P","Neo Dark Origin","2024-02-17","￦100,000","","","","","","","","","","","","","","","","","","","",""
"변현제","P","조일장","Z","BlitzY","2024-02-17","￦100,000","","","","","","","","","","","","","","","","","","","",""
"변현제","P","조일장","Z","Retro","2024-02-17","￦100,000","￦100,000","","","","","","","","","","","","","","","","","","",""
"조일장","Z","변현제","P","Radeon","2024-02-17","￦100,000","","","","","","","","","","","","","","","","","","","",""
"변현제","P","조일장","Z","Apocalypse","2024-02-17","￦100,000","","","","","","","","","","","","","","","","","","","",""
"김지성","T","변현제","P","Citadel","2024-03-08","￦100,000","","","","","","","","","","","","","","","","","","","",""
"김지성","T","변현제","P","BlitzY","2024-03-08","￦100,000","","","","","","","","","","","","","","","","","","","",""
"변현제","P","김지성","T","Apocalypse","2024-03-08","￦100,000","￦100,000","","","","","","","","","","","","","","","","","","",""
"변현제","P","김지성","T","Retro","2024-03-08","￦100,000","","","","","","","","","","","","","","","","","","","",""
"변현제","P","김지성","T","Neo Dark Origin","2024-03-08","￦100,000","","","","","","","","","","","","","","","","","","","",""
"김지성","T","변현제","P","Citadel","2024-03-08","￦100,000","￦100,000","","","","","","","","","","","","","","","","","","",""
"김지성","T","변현제","P","Apocalypse","2024-03-08","￦100,000","","","","","","","","","","","","","","","","","","","",""
"변현제","P","김지성","T","BlitzY","2024-03-08","￦100,000","","","","","","","","","","","","","","","","","","","",""
"김지성","T","변현제","P","Retro","2024-03-08","￦100,000","","","","","","","","","","","","","","","","","","","",""
"김성대","Z","김지성","T","Neo Dark Origin","2024-03-12","￦100,000","","","","","","","","","","","","","","","","","","","",""
"김지성","T","김성대","Z","Retro","2024-03-12","￦100,000","￦100,000","","","","","","","","","","","","","","","","","","",""
"김지성","T","김성대","Z","Radeon","2024-03-12","￦100,000","￦100,000","","","","","","","","","","","","","","","","","","",""
"김지성","T","김성대","Z","Apocalypse","2024-03-12","￦100,000","","","","","","","","","","","","","","","","","","","",""
"김지성","T","김성대","Z","Citadel","2024-03-12","￦100,000","","","","","","","","","","","","","","","","","","","",""
"김성대","Z","김지성","T","Neo Dark Origin","2024-03-12","￦100,000","","","","","","","","","","","","","","","","","","","",""
"김성대","Z","김지성","T","Retro","2024-03-12","￦100,000","","","","","","","","","","","","","","","","","","","",""
"김성대","Z","김지성","T","Apocalypse","2024-03-12","￦100,000","","","","","","","","","","","","","","","","","","","",""
"김지성","T","김성대","Z","Citadel","2024-03-12","￦100,000","","","","","","","","","","","","","","","","","","","",""
"장윤철","P","김지성","T","BlitzY","2024-03-17","￦100,000","","","","","","","","","","","","","","","","","","","",""
"장윤철","P","김지성","T","Citadel","2024-03-17","￦100,000","","","","","","","","","","","","","","","","","","","",""
"장윤철","P","김지성","T","Retro","2024-03-17","￦100,000","","","","","","","","","","","","","","","","","","","",""
"장윤철","P","김지성","T","Apocalypse","2024-03-17","￦100,000","","","","","","","","","","","","","","","","","","","",""
"장윤철","P","김지성","T","Neo Dark Origin","2024-03-17","￦100,000","","","","","","","","","","","","","","","","","","","",""
"김지성","T","장윤철","P","Citadel","2024-03-17","￦100,000","","","","","","","","","","","","","","","","","","","",""
"장윤철","P","김지성","T","BlitzY","2024-03-17","￦100,000","","","","","","","","","","","","","","","","","","","",""
"장윤철","P","김지성","T","Retro","2024-03-17","￦100,000","￦100,000","","","","","","","","","","","","","","","","","","",""
"장윤철","P","김지성","T","Apocalypse","2024-03-17","￦100,000","￦100,000","","","","","","","","","","","","","","","","","","",""
"장윤철","P","김명운","Z","Neo Dark Origin","2024-03-30","￦100,000","","","","","","","","","","","","","","","","","","","",""
"김명운","Z","장윤철","P","Radeon","2024-03-30","￦100,000","","","","","","","","","","","","","","","","","","","",""
"장윤철","P","김명운","Z","Apocalypse","2024-03-30","￦100,000","","","","","","","","","","","","","","","","","","","",""
"김명운","Z","장윤철","P","Citadel","2024-03-30","￦100,000","","","","","","","","","","","","","","","","","","","",""
"장윤철","P","김명운","Z","Troy","2024-03-30","￦100,000","","","","","","","","","","","","","","","","","","","",""
"장윤철","P","김명운","Z","Radeon","2024-03-30","￦100,000","￦100,000","","","","","","","","","","","","","","","","","","",""
"김명운","Z","장윤철","P","Citadel","2024-03-30","￦100,000","","","","","","","","","","","","","","","","","","","",""
"김명운","Z","장윤철","P","Troy","2024-03-30","￦100,000","￦100,000","","","","","","","","","","","","","","","","","","",""
"장윤철","P","김명운","Z","Apocalypse","2024-03-30","￦100,000","","","","","","","","","","","","","","","","","","","",""
"유영진","T","장윤철","P","Citadel","2024-04-17","￦100,000","￦100,000","","","","","","","","","","","","","","","","","","",""
"장윤철","P","유영진","T","Apocalypse","2024-04-17","￦100,000","","","","","","","","","","","","","","","","","","","",""
"유영진","T","장윤철","P","Retro","2024-04-17","￦100,000","","","","","","","","","","","","","","","","","","","",""
"장윤철","P","유영진","T","BlitzY","2024-04-17","￦100,000","","","","","","","","","","","","","","","","","","","",""
"장윤철","P","유영진","T","Troy","2024-04-17","￦100,000","","","","","","","","","","","","","","","","","","","",""
"장윤철","P","유영진","T","Citadel","2024-04-17","￦100,000","","","","","","","","","","","","","","","","","","","",""
"장윤철","P","유영진","T","Retro","2024-04-17","￦100,000","","","","","","","","","","","","","","","","","","","",""
"장윤철","P","유영진","T","Apocalypse","2024-04-17","￦100,000","￦100,000","","","","","","","","","","","","","","","","","","",""
"유영진","T","장윤철","P","BlitzY","2024-04-17","￦100,000","","","","","","","","","","","","","","","","","","","",""
"장윤철","P","조기석","T","Citadel","2024-04-19","￦100,000","","","","","","","","","","","","","","","","","","","",""
"장윤철","P","조기석","T","Neo Dark Origin","2024-04-19","￦100,000","","","","","","","","","","","","","","","","","","","",""
"장윤철","P","조기석","T","Retro","2024-04-19","￦100,000","","","","","","","","","","","","","","","","","","","",""
"장윤철","P","조기석","T","Apocalypse","2024-04-19","￦100,000","","","","","","","","","","","","","","","","","","","",""
"장윤철","P","조기석","T","BlitzY","2024-04-19","￦100,000","","","","","","","","","","","","","","","","","","","",""
"장윤철","P","조기석","T","Citadel","2024-04-19","￦100,000","￦100,000","","","","","","","","","","","","","","","","","","",""
"조기석","T","장윤철","P","Retro","2024-04-19","￦100,000","","","","","","","","","","","","","","","","","","","",""
"장윤철","P","조기석","T","Neo Dark Origin","2024-04-19","￦100,000","￦100,000","","","","","","","","","","","","","","","","","","",""
"장윤철","P","조기석","T","BlitzY","2024-04-19","￦100,000","","","","","","","","","","","","","","","","","","","",""
"김민철","Z","장윤철","P","Citadel","2024-05-03","￦100,000","","","","","","","","","","","","","","","","","","","",""
"장윤철","P","김민철","Z","BlitzY","2024-05-03","￦100,000","","","","","","","","","","","","","","","","","","","",""
"김민철","Z","장윤철","P","Retro","2024-05-03","￦100,000","","","","","","","","","","","","","","","","","","","",""
"김민철","Z","장윤철","P","Apocalypse","2024-05-03","￦100,000","","","","","","","","","","","","","","","","","","","",""
"김민철","Z","장윤철","P","Neo Dark Origin","2024-05-03","￦100,000","","","","","","","","","","","","","","","","","","","",""
"김민철","Z","장윤철","P","BlitzY","2024-05-03","￦100,000","￦100,000","","","","","","","","","","","","","","","","","","",""
"김민철","Z","장윤철","P","Apocalypse","2024-05-03","￦100,000","","","","","","","","","","","","","","","","","","","",""
"김민철","Z","장윤철","P","Neo Dark Origin","2024-05-03","￦100,000","￦100,000","","","","","","","","","","","","","","","","","","",""
"장윤철","P","김민철","Z","Retro","2024-05-03","￦100,000","","","","","","","","","","","","","","","","","","","",""
"김민철","Z","이재호","T","Retro","2024-05-10","￦100,000","","","","","","","","","","","","","","","","","","","",""
"김민철","Z","이재호","T","Apocalypse","2024-05-10","￦100,000","","","","","","","","","","","","","","","","","","","",""
"이재호","T","김민철","Z","BlitzY","2024-05-10","￦100,000","￦100,000","","","","","","","","","","","","","","","","","","",""
"이재호","T","김민철","Z","Troy","2024-05-10","￦100,000","","","","","","","","","","","","","","","","","","","",""
"이재호","T","김민철","Z","Radeon","2024-05-10","￦100,000","","","","","","","","","","","","","","","","","","","",""
"이재호","T","김민철","Z","Troy","2024-05-10","￦100,000","","","","","","","","","","","","","","","","","","","",""
"김민철","Z","이재호","T","Apocalypse","2024-05-10","￦100,000","￦100,000","","","","","","","","","","","","","","","","","","",""
"김민철","Z","이재호","T","BlitzY","2024-05-10","￦100,000","","","","","","","","","","","","","","","","","","","",""
"김민철","Z","이재호","T","Retro","2024-05-10","￦100,000","","","","","","","","","","","","","","","","","","","",""
"김민철","Z","도재욱","P","BlitzY","2024-05-14","￦100,000","","","","","","","","","","","","","","","","","","","",""
"김민철","Z","도재욱","P","Neo Dark Origin","2024-05-14","￦100,000","","","","","","","","","","","","","","","","","","","",""
"김민철","Z","도재욱","P","Apocalypse","2024-05-14","￦100,000","￦100,000","","","","","","","","","","","","","","","","","","",""
"도재욱","P","김민철","Z","Retro","2024-05-14","￦100,000","","","","","","","","","","","","","","","","","","","",""
"김민철","Z","도재욱","P","Citadel","2024-05-14","￦100,000","","","","","","","","","","","","","","","","","","","",""
"김민철","Z","도재욱","P","BlitzY","2024-05-14","￦100,000","","","","","","","","","","","","","","","","","","","",""
"김민철","Z","도재욱","P","Apocalypse","2024-05-14","￦100,000","","","","","","","","","","","","","","","","","","","",""
"도재욱","P","김민철","Z","Neo Dark Origin","2024-05-14","￦100,000","￦100,000","","","","","","","","","","","","","","","","","","",""
"김민철","Z","도재욱","P","Citadel","2024-05-14","￦100,000","","","","","","","","","","","","","","","","","","","",""
"김민철","Z","김지성","T","Citadel","2024-05-21","￦100,000","","","","","","","","","","","","","","","","","","","",""
"김민철","Z","김지성","T","Retro","2024-05-21","￦100,000","","","","","","","","","","","","","","","","","","","",""
"김지성","T","김민철","Z","Apocalypse","2024-05-21","￦100,000","","","","","","","","","","","","","","","","","","","",""
"김지성","T","김민철","Z","Radeon","2024-05-21","￦100,000","","","","","","","","","","","","","","","","","","","",""
"김민철","Z","김지성","T","BlitzY","2024-05-21","￦100,000","","","","","","","","","","","","","","","","","","","",""
"김지성","T","김민철","Z","Apocalypse","2024-05-21","￦100,000","","","","","","","","","","","","","","","","","","","",""
"김민철","Z","김지성","T","Radeon","2024-05-21","￦100,000","￦100,000","","","","","","","","","","","","","","","","","","",""
"김지성","T","김민철","Z","Retro","2024-05-21","￦100,000","￦100,000","","","","","","","","","","","","","","","","","","",""
"김지성","T","김민철","Z","BlitzY","2024-05-21","￦100,000","","","","","","","","","","","","","","","","","","","",""
"김지성","T","변현제","P","BlitzY","2024-07-10","￦100,000","","","","","","","","","","","","","","","","","","","",""
"김지성","T","변현제","P","Apocalypse","2024-07-10","￦100,000","","","","","","","","","","","","","","","","","","","",""
"김지성","T","변현제","P","Neo Dark Origin","2024-07-10","￦100,000","","","","","","","","","","","","","","","","","","","",""
"김지성","T","변현제","P","Retro","2024-07-10","￦100,000","","","","","","","","","","","","","","","","","","","",""
"김지성","T","변현제","P","Radeon","2024-07-10","￦100,000","","","","","","","","","","","","","","","","","","","",""
"김지성","T","변현제","P","Apocalypse","2024-07-10","￦100,000","￦100,000","","","","","","","","","","","","","","","","","","",""
"변현제","P","김지성","T","BlitzY","2024-07-10","￦100,000","","","","","","","","","","","","","","","","","","","",""
"변현제","P","김지성","T","Radeon","2024-07-10","￦100,000","","","","","","","","","","","","","","","","","","","",""
"김지성","T","변현제","P","Retro","2024-07-10","￦100,000","￦100,000","","","","","","","","","","","","","","","","","","",""
"조일장","Z","김지성","T","Radeon","2024-07-15","￦100,000","","","","","","","","","","","","","","","","","","","",""
"김지성","T","조일장","Z","Citadel","2024-07-15","￦100,000","","","","","","","","","","","","","","","","","","","",""
"김지성","T","조일장","Z","Neo Dark Origin","2024-07-15","￦100,000","","","","","","","","","","","","","","","","","","","",""
"조일장","Z","김지성","T","Retro","2024-07-15","￦100,000","","","","","","","","","","","","","","","","","","","",""
"조일장","Z","김지성","T","Apocalypse","2024-07-15","￦100,000","","","","","","","","","","","","","","","","","","","",""
"김지성","T","조일장","Z","Citadel","2024-07-15","￦100,000","￦100,000","","","","","","","","","","","","","","","","","","",""
"조일장","Z","김지성","T","Neo Dark Origin","2024-07-15","￦100,000","","","","","","","","","","","","","","","","","","","",""
"김지성","T","조일장","Z","Retro","2024-07-15","￦100,000","","","","","","","","","","","","","","","","","","","",""
"김지성","T","조일장","Z","Radeon","2024-07-15","￦100,000","￦100,000","","","","","","","","","","","","","","","","","","",""
"도재욱","P","김지성","T","Dominator","2024-07-30","￦100,000","","","","","","","","","","","","","","","","","","","",""
"도재욱","P","김지성","T","Radeon","2024-07-30","￦100,000","","","","","","","","","","","","","","","","","","","",""
"도재욱","P","김지성","T","Montyhall SE","2024-07-30","￦100,000","","","","","","","","","","","","","","","","","","","",""
"도재욱","P","김지성","T","déjà vu","2024-07-30","￦100,000","","","","","","","","","","","","","","","","","","","",""
"김지성","T","도재욱","P","Kick Back","2024-07-30","￦100,000","￦100,000","","","","","","","","","","","","","","","","","","",""
"김지성","T","도재욱","P","Dominator","2024-07-30","￦100,000","","","","","","","","","","","","","","","","","","","",""
"도재욱","P","김지성","T","Montyhall SE","2024-07-30","￦100,000","","","","","","","","","","","","","","","","","","","",""
"도재욱","P","김지성","T","Radeon","2024-07-30","￦100,000","","","","","","","","","","","","","","","","","","","",""
"도재욱","P","김지성","T","déjà vu","2024-07-30","￦100,000","","","","","","","","","","","","","","","","","","","",""
"도재욱","P","이제동","Z","Radeon","2024-08-02","￦100,000","","","","","","","","","","","","","","","","","","","",""
"도재욱","P","이제동","Z","Minstrel","2024-08-02","￦100,000","￦100,000","","","","","","","","","","","","","","","","","","",""
"도재욱","P","이제동","Z","Pantheon","2024-08-02","￦100,000","","","","","","","","","","","","","","","","","","","",""
"이제동","Z","도재욱","P","Dominator","2024-08-02","￦100,000","￦100,000","","","","","","","","","","","","","","","","","","",""
"이제동","Z","도재욱","P","Kick Back","2024-08-02","￦100,000","","","","","","","","","","","","","","","","","","","",""
"도재욱","P","이제동","Z","Minstrel","2024-08-02","￦100,000","","","","","","","","","","","","","","","","","","","",""
"이제동","Z","도재욱","P","Pantheon","2024-08-02","￦100,000","","","","","","","","","","","","","","","","","","","",""
"도재욱","P","이제동","Z","Dominator","2024-08-02","￦100,000","","","","","","","","","","","","","","","","","","","",""
"도재욱","P","이제동","Z","Kick Back","2024-08-02","￦100,000","","","","","","","","","","","","","","","","","","","",""
"유영진","T","도재욱","P","Montyhall SE","2024-08-14","￦100,000","","","","","","","","","","","","","","","","","","","",""
"유영진","T","도재욱","P","Kick Back","2024-08-14","￦100,000","￦100,000","","","","","","","","","","","","","","","","","","",""
"도재욱","P","유영진","T","Dominator","2024-08-14","￦100,000","","","","","","","","","","","","","","","","","","","",""
"도재욱","P","유영진","T","déjà vu","2024-08-14","￦100,000","","","","","","","","","","","","","","","","","","","",""
"도재욱","P","유영진","T","Radeon","2024-08-14","￦100,000","","","","","","","","","","","","","","","","","","","",""
"도재욱","P","유영진","T","Radeon","2024-08-14","￦100,000","","","","","","","","","","","","","","","","","","","",""
"유영진","T","도재욱","P","déjà vu","2024-08-14","￦100,000","","","","","","","","","","","","","","","","","","","",""
"도재욱","P","유영진","T","Kick Back","2024-08-14","￦100,000","","","","","","","","","","","","","","","","","","","",""
"유영진","T","도재욱","P","Montyhall SE","2024-08-14","￦100,000","￦100,000","","","","","","","","","","","","","","","","","","",""
"도재욱","P","김명운","Z","Radeon","2024-09-13","￦100,000","","","","","","","","","","","","","","","","","","","",""
"도재욱","P","김명운","Z","Kick Back","2024-09-13","￦100,000","￦100,000","","","","","","","","","","","","","","","","","","",""
"도재욱","P","김명운","Z","déjà vu","2024-09-13","￦100,000","￦100,000","","","","","","","","","","","","","","","","","","",""
"도재욱","P","김명운","Z","Dominator","2024-09-13","￦100,000","","","","","","","","","","","","","","","","","","","",""
"김명운","Z","도재욱","P","Pantheon","2024-09-13","￦100,000","","","","","","","","","","","","","","","","","","","",""
"도재욱","P","김명운","Z","déjà vu","2024-09-13","￦100,000","","","","","","","","","","","","","","","","","","","",""
"도재욱","P","김명운","Z","Dominator","2024-09-13","￦100,000","","","","","","","","","","","","","","","","","","","",""
"김명운","Z","도재욱","P","Kick Back","2024-09-13","￦100,000","","","","","","","","","","","","","","","","","","","",""
"도재욱","P","김명운","Z","Pantheon","2024-09-13","￦100,000","","","","","","","","","","","","","","","","","","","",""
"도재욱","P","이재호","T","Pantheon","2024-09-20","￦100,000","￦100,000","","","","","","","","","","","","","","","","","","",""
"도재욱","P","이재호","T","Montyhall SE","2024-09-20","￦100,000","","","","","","","","","","","","","","","","","","","",""
"이재호","T","도재욱","P","déjà vu","2024-09-20","￦100,000","","","","","","","","","","","","","","","","","","","",""
"이재호","T","도재욱","P","Dominator","2024-09-20","￦100,000","￦100,000","","","","","","","","","","","","","","","","","","",""
"이재호","T","도재욱","P","Kick Back","2024-09-20","￦100,000","","","","","","","","","","","","","","","","","","","",""
"도재욱","P","이재호","T","Dominator","2024-09-20","￦100,000","","","","","","","","","","","","","","","","","","","",""
"이재호","T","도재욱","P","Pantheon","2024-09-20","￦100,000","","","","","","","","","","","","","","","","","","","",""
"이재호","T","도재욱","P","Kick Back","2024-09-20","￦100,000","","","","","","","","","","","","","","","","","","","",""
"이재호","T","도재욱","P","déjà vu","2024-09-20","￦100,000","","","","","","","","","","","","","","","","","","","",""
"이재호","T","김민철","Z","Radeon","2024-09-28","￦100,000","","","","","","","","","","","","","","","","","","","",""
"이재호","T","김민철","Z","Kick Back","2024-09-28","￦100,000","","","","","","","","","","","","","","","","","","","",""
"이재호","T","김민철","Z","Montyhall SE","2024-09-28","￦100,000","","","","","","","","","","","","","","","","","","","",""
"김민철","Z","이재호","T","déjà vu","2024-09-28","￦100,000","","","","","","","","","","","","","","","","","","","",""
"이재호","T","김민철","Z","Minstrel","2024-09-28","￦100,000","","","","","","","","","","","","","","","","","","","",""
"이재호","T","김민철","Z","Radeon","2024-09-28","￦100,000","￦100,000","","","","","","","","","","","","","","","","","","",""
"김민철","Z","이재호","T","déjà vu","2024-09-28","￦100,000","","","","","","","","","","","","","","","","","","","",""
"김민철","Z","이재호","T","Montyhall SE","2024-09-28","￦100,000","","","","","","","","","","","","","","","","","","","",""
"김민철","Z","이재호","T","Kick Back","2024-09-28","￦100,000","￦100,000","","","","","","","","","","","","","","","","","","",""
"변현제","P","이재호","T","Kick Back","2024-10-04","￦100,000","","","","","","","","","","","","","","","","","","","",""
"이재호","T","변현제","P","Pantheon","2024-10-04","￦100,000","￦100,000","","","","","","","","","","","","","","","","","","",""
"변현제","P","이재호","T","Montyhall SE","2024-10-04","￦100,000","","","","","","","","","","","","","","","","","","","",""
"이재호","T","변현제","P","déjà vu","2024-10-04","￦100,000","","","","","","","","","","","","","","","","","","","",""
"변현제","P","이재호","T","Dominator","2024-10-04","￦100,000","","","","","","","","","","","","","","","","","","","",""
"이재호","T","변현제","P","Pantheon","2024-10-04","￦100,000","","","","","","","","","","","","","","","","","","","",""
"변현제","P","이재호","T","Montyhall SE","2024-10-04","￦100,000","","","","","","","","","","","","","","","","","","","",""
"변현제","P","이재호","T","déjà vu","2024-10-04","￦100,000","","","","","","","","","","","","","","","","","","","",""
"이재호","T","변현제","P","Kick Back","2024-10-04","￦100,000","￦100,000","","","","","","","","","","","","","","","","","","",""
"송병구","P","김지성","T","Minstrel","2024-10-06","￦100,000","","","","","","","","","","","","","","","","","","","",""
"송병구","P","김지성","T","déjà vu","2024-10-06","￦100,000","","","","","","","","","","","","","","","","","","","",""
"김지성","T","송병구","P","Montyhall SE","2024-10-06","￦100,000","","","","","","","","","","","","","","","","","","","",""
"송병구","P","김지성","T","Dominator","2024-10-06","￦100,000","￦100,000","","","","","","","","","","","","","","","","","","",""
"김지성","T","송병구","P","Pantheon","2024-10-06","￦100,000","","","","","","","","","","","","","","","","","","","",""
"송병구","P","김지성","T","Minstrel","2024-10-06","￦100,000","","","","","","","","","","","","","","","","","","","",""
"김지성","T","송병구","P","déjà vu","2024-10-06","￦100,000","","","","","","","","","","","","","","","","","","","",""
"송병구","P","김지성","T","Dominator","2024-10-06","￦100,000","","","","","","","","","","","","","","","","","","","",""
"송병구","P","김지성","T","Pantheon","2024-10-06","￦100,000","￦100,000","","","","","","","","","","","","","","","","","","",""
"김성대","Z","변현제","P","Kick Back","2024-11-05","￦100,000","","","","","","","","","","","","","","","","","","","",""
"변현제","P","김성대","Z","Pantheon","2024-11-05","￦100,000","","","","","","","","","","","","","","","","","","","",""
"김성대","Z","변현제","P","Dominator","2024-11-05","￦100,000","￦100,000","","","","","","","","","","","","","","","","","","",""
"변현제","P","김성대","Z","Radeon","2024-11-05","￦100,000","","","","","","","","","","","","","","","","","","","",""
"변현제","P","김성대","Z","déjà vu","2024-11-05","￦100,000","","","","","","","","","","","","","","","","","","","",""
"변현제","P","김성대","Z","Dominator","2024-11-05","￦100,000","","","","","","","","","","","","","","","","","","","",""
"변현제","P","김성대","Z","déjà vu","2024-11-05","￦100,000","","","","","","","","","","","","","","","","","","","",""
"변현제","P","김성대","Z","Kick Back","2024-11-05","￦100,000","","","","","","","","","","","","","","","","","","","",""
"김성대","Z","변현제","P","Radeon","2024-11-05","￦100,000","￦100,000","","","","","","","","","","","","","","","","","","",""
"변현제","P","이제동","Z","Kick Back","2024-11-30","￦100,000","","","","","","","","","","","","","","","","","","","",""
"이제동","Z","변현제","P","Radeon","2024-11-30","￦100,000","","","","","","","","","","","","","","","","","","","",""
"변현제","P","이제동","Z","Pantheon","2024-11-30","￦100,000","￦100,000","","","","","","","","","","","","","","","","","","",""
"변현제","P","이제동","Z","Dominator","2024-11-30","￦100,000","","","","","","","","","","","","","","","","","","","",""
"이제동","Z","변현제","P","déjà vu","2024-11-30","￦100,000","￦100,000","","","","","","","","","","","","","","","","","","",""
"이제동","Z","변현제","P","Kick Back","2024-11-30","￦100,000","","","","","","","","","","","","","","","","","","","",""
"이제동","Z","변현제","P","Pantheon","2024-11-30","￦100,000","","","","","","","","","","","","","","","","","","","",""
"변현제","P","이제동","Z","Radeon","2024-11-30","￦100,000","","","","","","","","","","","","","","","","","","","",""
"변현제","P","이제동","Z","déjà vu","2024-11-30","￦100,000","","","","","","","","","","","","","","","","","","","",""
"변현제","P","조기석","T","Kick Back","2024-12-06","￦100,000","","","","","","","","","","","","","","","","","","","",""
"조기석","T","변현제","P","déjà vu","2024-12-06","￦100,000","","","","","","","","","","","","","","","","","","","",""
"변현제","P","조기석","T","Dominator","2024-12-06","￦100,000","￦100,000","","","","","","","","","","","","","","","","","","",""
"변현제","P","조기석","T","Radeon","2024-12-06","￦100,000","","","","","","","","","","","","","","","","","","","",""
"조기석","T","변현제","P","Montyhall SE","2024-12-06","￦100,000","","","","","","","","","","","","","","","","","","","",""
"변현제","P","조기석","T","Kick Back","2024-12-06","￦100,000","","","","","","","","","","","","","","","","","","","",""
"변현제","P","조기석","T","déjà vu","2024-12-06","￦100,000","￦100,000","","","","","","","","","","","","","","","","","","",""
"변현제","P","조기석","T","Radeon","2024-12-06","￦100,000","","","","","","","","","","","","","","","","","","","",""
"조기석","T","변현제","P","Montyhall SE","2024-12-06","￦100,000","","","","","","","","","","","","","","","","","","","",""
"김명운","Z","변현제","P","déjà vu","2024-12-13","￦100,000","","","","","","","","","","","","","","","","","","","",""
"변현제","P","김명운","Z","Pantheon","2024-12-13","￦100,000","","","","","","","","","","","","","","","","","","","",""
"변현제","P","김명운","Z","Dominator","2024-12-13","￦100,000","","","","","","","","","","","","","","","","","","","",""
"김명운","Z","변현제","P","Radeon","2024-12-13","￦100,000","","","","","","","","","","","","","","","","","","","",""
"김명운","Z","변현제","P","Kick Back","2024-12-13","￦100,000","￦100,000","","","","","","","","","","","","","","","","","","",""
"김명운","Z","변현제","P","Kick Back","2024-12-13","￦100,000","","","","","","","","","","","","","","","","","","","",""
"변현제","P","김명운","Z","Pantheon","2024-12-13","￦100,000","","","","","","","","","","","","","","","","","","","",""
"김명운","Z","변현제","P","Dominator","2024-12-13","￦100,000","￦100,000","","","","","","","","","","","","","","","","","","",""
"변현제","P","김명운","Z","déjà vu","2024-12-13","￦100,000","","","","","","","","","","","","","","","","","","","",""
"이재호","T","김명운","Z","Pantheon","2025-01-22","￦100,000","","","","","","","","","","","","","","","","","","","",""
"김명운","Z","이재호","T","Radeon","2025-01-22","￦100,000","￦100,000","","","","","","","","","","","","","","","","","","",""
"이재호","T","김명운","Z","déjà vu","2025-01-22","￦100,000","","","","","","","","","","","","","","","","","","","",""
"이재호","T","김명운","Z","Dominator","2025-01-22","￦100,000","","","","","","","","","","","","","","","","","","","",""
"이재호","T","김명운","Z","Kick Back","2025-01-22","￦100,000","","","","","","","","","","","","","","","","","","","",""
"김명운","Z","이재호","T","Radeon","2025-01-22","￦100,000","","","","","","","","","","","","","","","","","","","",""
"김명운","Z","이재호","T","Pantheon","2025-01-22","￦100,000","￦100,000","","","","","","","","","","","","","","","","","","",""
"김명운","Z","이재호","T","déjà vu","2025-01-22","￦100,000","","","","","","","","","","","","","","","","","","","",""
"김명운","Z","이재호","T","Kick Back","2025-01-22","￦100,000","","","","","","","","","","","","","","","","","","","",""
"김명운","Z","도재욱","P","Eclipse","2025-01-31","￦100,000","","","","","","","","","","","","","","","","","","","",""
"도재욱","P","김명운","Z","déjà vu","2025-01-31","￦100,000","","","","","","","","","","","","","","","","","","","",""
"김명운","Z","도재욱","P","Dominator","2025-01-31","￦100,000","","","","","","","","","","","","","","","","","","","",""
"김명운","Z","도재욱","P","Pole Star","2025-01-31","￦100,000","","","","","","","","","","","","","","","","","","","",""
"김명운","Z","도재욱","P","Radeon","2025-01-31","￦100,000","","","","","","","","","","","","","","","","","","","",""
"도재욱","P","김명운","Z","Eclipse","2025-01-31","￦100,000","￦100,000","","","","","","","","","","","","","","","","","","",""
"김명운","Z","도재욱","P","Dominator","2025-01-31","￦100,000","￦100,000","","","","","","","","","","","","","","","","","","",""
"도재욱","P","김명운","Z","déjà vu","2025-01-31","￦100,000","","","","","","","","","","","","","","","","","","","",""
"도재욱","P","김명운","Z","Pole Star","2025-01-31","￦100,000","","","","","","","","","","","","","","","","","","","",""
"김지성","T","김명운","Z","déjà vu","2025-02-04","￦100,000","","","","","","","","","","","","","","","","","","","",""
"김명운","Z","김지성","T","Metropolis","2025-02-04","￦100,000","","","","","","","","","","","","","","","","","","","",""
"김명운","Z","김지성","T","Pole Star","2025-02-04","￦100,000","","","","","","","","","","","","","","","","","","","",""
"김명운","Z","김지성","T","Radeon","2025-02-04","￦100,000","","","","","","","","","","","","","","","","","","","",""
"김지성","T","김명운","Z","Dominator","2025-02-04","￦100,000","","","","","","","","","","","","","","","","","","","",""
"김지성","T","김명운","Z","Radeon","2025-02-04","￦100,000","￦100,000","","","","","","","","","","","","","","","","","","",""
"김지성","T","김명운","Z","Metropolis","2025-02-04","￦100,000","","","","","","","","","","","","","","","","","","","",""
"김명운","Z","김지성","T","Pole Star","2025-02-04","￦100,000","￦100,000","","","","","","","","","","","","","","","","","","",""
"김지성","T","김명운","Z","déjà vu","2025-02-04","￦100,000","","","","","","","","","","","","","","","","","","","",""
"장윤철","P","김지성","T","Eclipse","2025-02-06","￦100,000","","","","","","","","","","","","","","","","","","","",""
"장윤철","P","김지성","T","Radeon","2025-02-06","￦100,000","","","","","","","","","","","","","","","","","","","",""
"장윤철","P","김지성","T","Pole Star","2025-02-06","￦100,000","","","","","","","","","","","","","","","","","","","",""
"장윤철","P","김지성","T","Metropolis","2025-02-06","￦100,000","","","","","","","","","","","","","","","","","","","",""
"장윤철","P","김지성","T","Dominator","2025-02-06","￦100,000","","","","","","","","","","","","","","","","","","","",""
"김지성","T","장윤철","P","Radeon","2025-02-06","￦100,000","￦100,000","","","","","","","","","","","","","","","","","","",""
"장윤철","P","김지성","T","Eclipse","2025-02-06","￦100,000","￦100,000","","","","","","","","","","","","","","","","","","",""
"장윤철","P","김지성","T","Pole Star","2025-02-06","￦100,000","","","","","","","","","","","","","","","","","","","",""
"장윤철","P","김지성","T","Dominator","2025-02-06","￦100,000","","","","","","","","","","","","","","","","","","","",""
"장윤철","P","김성대","Z","Radeon","2025-02-11","￦100,000","","","","","","","","","","","","","","","","","","","",""
"김성대","Z","장윤철","P","Pole Star","2025-02-11","￦100,000","","","","","","","","","","","","","","","","","","","",""
"장윤철","P","김성대","Z","Eclipse","2025-02-11","￦100,000","","","","","","","","","","","","","","","","","","","",""
"장윤철","P","김성대","Z","Metropolis","2025-02-11","￦100,000","￦100,000","","","","","","","","","","","","","","","","","","",""
"장윤철","P","김성대","Z","Dominator","2025-02-11","￦100,000","","","","","","","","","","","","","","","","","","","",""
"장윤철","P","김성대","Z","Radeon","2025-02-11","￦100,000","","","","","","","","","","","","","","","","","","","",""
"김성대","Z","장윤철","P","Dominator","2025-02-11","￦100,000","","","","","","","","","","","","","","","","","","","",""
"장윤철","P","김성대","Z","Eclipse","2025-02-11","￦100,000","￦100,000","","","","","","","","","","","","","","","","","","",""
"장윤철","P","김성대","Z","Pole Star","2025-02-11","￦100,000","","","","","","","","","","","","","","","","","","","",""
"장윤철","P","이제동","Z","Metropolis","2025-02-21","￦100,000","","","","","","","","","","","","","","","","","","","",""
"이제동","Z","장윤철","P","Radeon","2025-02-21","￦100,000","","","","","","","","","","","","","","","","","","","",""
"장윤철","P","이제동","Z","Dominator","2025-02-21","￦100,000","","","","","","","","","","","","","","","","","","","",""
"장윤철","P","이제동","Z","Pole Star","2025-02-21","￦100,000","￦100,000","","","","","","","","","","","","","","","","","","",""
"이제동","Z","장윤철","P","Eclipse","2025-02-21","￦100,000","","","","","","","","","","","","","","","","","","","",""
"이제동","Z","장윤철","P","Eclipse","2025-02-21","￦100,000","￦100,000","","","","","","","","","","","","","","","","","","",""
"이제동","Z","장윤철","P","Dominator","2025-02-21","￦100,000","","","","","","","","","","","","","","","","","","","",""
"장윤철","P","이제동","Z","Radeon","2025-02-21","￦100,000","","","","","","","","","","","","","","","","","","","",""
"이제동","Z","장윤철","P","Metropolis","2025-02-21","￦100,000","","","","","","","","","","","","","","","","","","","",""
"황병영","T","이제동","Z","Eclipse","2025-03-05","￦100,000","","","","","","","","","","","","","","","","","","","",""
"이제동","Z","황병영","T","Radeon","2025-03-05","￦100,000","","","","","","","","","","","","","","","","","","","",""
"이제동","Z","황병영","T","déjà vu","2025-03-05","￦100,000","","","","","","","","","","","","","","","","","","","",""
"이제동","Z","황병영","T","Pole Star","2025-03-05","￦100,000","￦100,000","","","","","","","","","","","","","","","","","","",""
"이제동","Z","황병영","T","Dominator","2025-03-05","￦100,000","","","","","","","","","","","","","","","","","","","",""
"이제동","Z","황병영","T","déjà vu","2025-03-05","￦100,000","","","","","","","","","","","","","","","","","","","",""
"이제동","Z","황병영","T","Pole Star","2025-03-05","￦100,000","","","","","","","","","","","","","","","","","","","",""
"이제동","Z","황병영","T","Eclipse","2025-03-05","￦100,000","","","","","","","","","","","","","","","","","","","",""
"황병영","T","이제동","Z","Radeon","2025-03-05","￦100,000","￦100,000","","","","","","","","","","","","","","","","","","",""
"이제동","Z","정영재","T","déjà vu","2025-03-07","￦100,000","","","","","","","","","","","","","","","","","","","",""
"이제동","Z","정영재","T","Radeon","2025-03-07","￦100,000","","","","","","","","","","","","","","","","","","","",""
"정영재","T","이제동","Z","Dominator","2025-03-07","￦100,000","","","","","","","","","","","","","","","","","","","",""
"정영재","T","이제동","Z","Pole Star","2025-03-07","￦100,000","￦100,000","","","","","","","","","","","","","","","","","","",""
"정영재","T","이제동","Z","Eclipse","2025-03-07","￦100,000","","","","","","","","","","","","","","","","","","","",""
"이제동","Z","정영재","T","Radeon","2025-03-07","￦100,000","","","","","","","","","","","","","","","","","","","",""
"이제동","Z","정영재","T","déjà vu","2025-03-07","￦100,000","￦100,000","","","","","","","","","","","","","","","","","","",""
"이제동","Z","정영재","T","Pole Star","2025-03-07","￦100,000","","","","","","","","","","","","","","","","","","","",""
"정영재","T","이제동","Z","Eclipse","2025-03-07","￦100,000","","","","","","","","","","","","","","","","","","","",""
"변현제","P","이제동","Z","Pole Star","2025-03-12","￦100,000","","","","","","","","","","","","","","","","","","","",""
"변현제","P","이제동","Z","Radeon","2025-03-12","￦100,000","￦100,000","","","","","","","","","","","","","","","","","","",""
"이제동","Z","변현제","P","déjà vu","2025-03-12","￦100,000","","","","","","","","","","","","","","","","","","","",""
"이제동","Z","변현제","P","Eclipse","2025-03-12","￦100,000","￦100,000","","","","","","","","","","","","","","","","","","",""
"변현제","P","이제동","Z","Dominator","2025-03-12","￦100,000","","","","","","","","","","","","","","","","","","","",""
"이제동","Z","변현제","P","Radeon","2025-03-12","￦100,000","","","","","","","","","","","","","","","","","","","",""
"변현제","P","이제동","Z","Eclipse","2025-03-12","￦100,000","","","","","","","","","","","","","","","","","","","",""
"이제동","Z","변현제","P","déjà vu","2025-03-12","￦100,000","","","","","","","","","","","","","","","","","","","",""
"이제동","Z","변현제","P","Pole Star","2025-03-12","￦100,000","","","","","","","","","","","","","","","","","","","",""
"최호선","T","이제동","Z","Pole Star","2025-03-14","￦100,000","","","","","","","","","","","","","","","","","","","",""
"이제동","Z","최호선","T","Radeon","2025-03-14","￦100,000","￦100,000","","","","","","","","","","","","","","","","","","",""
"이제동","Z","최호선","T","déjà vu","2025-03-14","￦100,000","￦100,000","","","","","","","","","","","","","","","","","","",""
"이제동","Z","최호선","T","Eclipse","2025-03-14","￦100,000","","","","","","","","","","","","","","","","","","","",""
"이제동","Z","최호선","T","Metropolis","2025-03-14","￦100,000","","","","","","","","","","","","","","","","","","","",""
"이제동","Z","최호선","T","Pole Star","2025-03-14","￦100,000","","","","","","","","","","","","","","","","","","","",""
"최호선","T","이제동","Z","déjà vu","2025-03-14","￦100,000","","","","","","","","","","","","","","","","","","","",""
"이제동","Z","최호선","T","Radeon","2025-03-14","￦100,000","","","","","","","","","","","","","","","","","","","",""
"최호선","T","이제동","Z","Metropolis","2025-03-14","￦100,000","","","","","","","","","","","","","","","","","","","",""
"이제동","Z","도재욱","P","Eclipse","2025-04-04","￦100,000","","","","","","","","","","","","","","","","","","","",""
"이제동","Z","도재욱","P","déjà vu","2025-04-04","￦100,000","","","","","","","","","","","","","","","","","","","",""
"이제동","Z","도재욱","P","Metropolis","2025-04-04","￦100,000","￦100,000","","","","","","","","","","","","","","","","","","",""
"이제동","Z","도재욱","P","Radeon","2025-04-04","￦100,000","","","","","","","","","","","","","","","","","","","",""
"도재욱","P","이제동","Z","Pole Star","2025-04-04","￦100,000","","","","","","","","","","","","","","","","","","","",""
"이제동","Z","도재욱","P","Eclipse","2025-04-04","￦100,000","","","","","","","","","","","","","","","","","","","",""
"도재욱","P","이제동","Z","déjà vu","2025-04-04","￦100,000","￦100,000","","","","","","","","","","","","","","","","","","",""
"도재욱","P","이제동","Z","Metropolis","2025-04-04","￦100,000","","","","","","","","","","","","","","","","","","","",""
"도재욱","P","이제동","Z","Radeon","2025-04-04","￦100,000","","","","","","","","","","","","","","","","","","","",""
"유영진","T","이제동","Z","Pole Star","2025-04-08","￦100,000","","","","","","","","","","","","","","","","","","","",""
"유영진","T","이제동","Z","Radeon","2025-04-08","￦100,000","","","","","","","","","","","","","","","","","","","",""
"이제동","Z","유영진","T","déjà vu","2025-04-08","￦100,000","￦100,000","","","","","","","","","","","","","","","","","","",""
"유영진","T","이제동","Z","Metropolis","2025-04-08","￦100,000","","","","","","","","","","","","","","","","","","","",""
"이제동","Z","유영진","T","Eclipse","2025-04-08","￦100,000","","","","","","","","","","","","","","","","","","","",""
"유영진","T","이제동","Z","Pole Star","2025-04-08","￦100,000","￦100,000","","","","","","","","","","","","","","","","","","",""
"유영진","T","이제동","Z","Radeon","2025-04-08","￦100,000","","","","","","","","","","","","","","","","","","","",""
"유영진","T","이제동","Z","déjà vu","2025-04-08","￦100,000","","","","","","","","","","","","","","","","","","","",""
"유영진","T","이제동","Z","Metropolis","2025-04-08","￦100,000","","","","","","","","","","","","","","","","","","","",""
"유영진","T","송병구","P","Pole Star","2025-04-17","￦100,000","","","","","","","","","","","","","","","","","","","",""
"송병구","P","유영진","T","Dominator","2025-04-17","￦100,000","","","","","","","","","","","","","","","","","","","",""
"유영진","T","송병구","P","déjà vu","2025-04-17","￦100,000","","","","","","","","","","","","","","","","","","","",""
"송병구","P","유영진","T","Radeon","2025-04-17","￦100,000","","","","","","","","","","","","","","","","","","","",""
"유영진","T","송병구","P","Eclipse","2025-04-17","￦100,000","￦100,000","","","","","","","","","","","","","","","","","","",""
"유영진","T","송병구","P","Eclipse","2025-04-17","￦100,000","","","","","","","","","","","","","","","","","","","",""
"유영진","T","송병구","P","Dominator","2025-04-17","￦100,000","","","","","","","","","","","","","","","","","","","",""
"송병구","P","유영진","T","Pole Star","2025-04-17","￦100,000","￦100,000","","","","","","","","","","","","","","","","","","",""
"송병구","P","유영진","T","déjà vu","2025-04-17","￦100,000","","","","","","","","","","","","","","","","","","","",""
"유영진","T","조일장","Z","Radeon","2025-04-26","￦100,000","","","","","","","","","","","","","","","","","","","",""
"조일장","Z","유영진","T","Metropolis","2025-04-26","￦100,000","","","","","","","","","","","","","","","","","","","",""
"유영진","T","조일장","Z","déjà vu","2025-04-26","￦100,000","","","","","","","","","","","","","","","","","","","",""
"유영진","T","조일장","Z","Eclipse","2025-04-26","￦100,000","￦100,000","","","","","","","","","","","","","","","","","","",""
"유영진","T","조일장","Z","Dominator","2025-04-26","￦100,000","","","","","","","","","","","","","","","","","","","",""
"조일장","Z","유영진","T","Metropolis","2025-04-26","￦100,000","￦100,000","","","","","","","","","","","","","","","","","","",""
"유영진","T","조일장","Z","Eclipse","2025-04-26","￦100,000","","","","","","","","","","","","","","","","","","","",""
"유영진","T","조일장","Z","Radeon","2025-04-26","￦100,000","","","","","","","","","","","","","","","","","","","",""
"유영진","T","조일장","Z","Dominator","2025-04-26","￦100,000","","","","","","","","","","","","","","","","","","","",""
"변현제","P","유영진","T","Eclipse","2025-05-09","￦100,000","","","","","","","","","","","","","","","","","","","",""
"변현제","P","유영진","T","déjà vu","2025-05-09","￦100,000","","","","","","","","","","","","","","","","","","","",""
"유영진","T","변현제","P","Pole Star","2025-05-09","￦100,000","","","","","","","","","","","","","","","","","","","",""
"변현제","P","유영진","T","Dominator","2025-05-09","￦100,000","","","","","","","","","","","","","","","","","","","",""
"변현제","P","유영진","T","Radeon","2025-05-09","￦100,000","","","","","","","","","","","","","","","","","","","",""
"유영진","T","변현제","P","Pole Star","2025-05-09","￦100,000","￦100,000","","","","","","","","","","","","","","","","","","",""
"변현제","P","유영진","T","Eclipse","2025-05-09","￦100,000","￦100,000","","","","","","","","","","","","","","","","","","",""
"유영진","T","변현제","P","déjà vu","2025-05-09","￦100,000","","","","","","","","","","","","","","","","","","","",""
"유영진","T","변현제","P","Dominator","2025-05-09","￦100,000","","","","","","","","","","","","","","","","","","","",""
"변현제","P","김명운","Z","Dominator","2025-05-11","￦100,000","","","","","","","","","","","","","","","","","","","",""
"변현제","P","김명운","Z","Metropolis","2025-05-11","￦100,000","","","","","","","","","","","","","","","","","","","",""
"변현제","P","김명운","Z","Eclipse","2025-05-11","￦100,000","","","","","","","","","","","","","","","","","","","",""
"변현제","P","김명운","Z","déjà vu","2025-05-11","￦100,000","","","","","","","","","","","","","","","","","","","",""
"변현제","P","김명운","Z","Pole Star","2025-05-11","￦100,000","","","","","","","","","","","","","","","","","","","",""
"변현제","P","김명운","Z","Dominator","2025-05-11","￦100,000","￦100,000","","","","","","","","","","","","","","","","","","",""
"변현제","P","김명운","Z","Eclipse","2025-05-11","￦100,000","￦100,000","","","","","","","","","","","","","","","","","","",""
"변현제","P","김명운","Z","Metropolis","2025-05-11","￦100,000","","","","","","","","","","","","","","","","","","","",""
"김명운","Z","변현제","P","déjà vu","2025-05-11","￦100,000","","","","","","","","","","","","","","","","","","","",""
"이영웅","T","변현제","P","Pole Star","2025-05-22","￦100,000","","","","","","","","","","","","","","","","","","","",""
"변현제","P","이영웅","T","Eclipse","2025-05-22","￦100,000","","","","","","","","","","","","","","","","","","","",""
"이영웅","T","변현제","P","déjà vu","2025-05-22","￦100,000","￦100,000","","","","","","","","","","","","","","","","","","",""
"변현제","P","이영웅","T","Dominator","2025-05-22","￦100,000","","","","","","","","","","","","","","","","","","","",""
"변현제","P","이영웅","T","Radeon","2025-05-22","￦100,000","","","","","","","","","","","","","","","","","","","",""
"이영웅","T","변현제","P","Pole Star","2025-05-22","￦100,000","","","","","","","","","","","","","","","","","","","",""
"변현제","P","이영웅","T","Eclipse","2025-05-22","￦100,000","￦100,000","","","","","","","","","","","","","","","","","","",""
"이영웅","T","변현제","P","déjà vu","2025-05-22","￦100,000","","","","","","","","","","","","","","","","","","","",""
"변현제","P","이영웅","T","Dominator","2025-05-22","￦100,000","","","","","","","","","","","","","","","","","","","",""
"변현제","P","김성대","Z","Dominator","2025-06-10","￦100,000","","","","","","","","","","","","","","","","","","","",""
"변현제","Z","김성대","Z","Radeon","2025-06-10","￦100,000","","","","","","","","","","","","","","","","","","","",""
"김성대","Z","변현제","P","Eclipse","2025-06-10","￦100,000","","","","","","","","","","","","","","","","","","","",""
"변현제","P","김성대","Z","Metropolis","2025-06-10","￦100,000","","","","","","","","","","","","","","","","","","","",""
"김성대","Z","변현제","P","Pole Star","2025-06-10","￦100,000","","","","","","","","","","","","","","","","","","","",""
"변현제","P","김성대","Z","Eclipse","2025-06-10","￦100,000","￦100,000","","","","","","","","","","","","","","","","","","",""
"변현제","P","김성대","Z","Dominator","2025-06-10","￦100,000","￦100,000","","","","","","","","","","","","","","","","","","",""
"변현제","P","김성대","Z","Radeon","2025-06-10","￦100,000","","","","","","","","","","","","","","","","","","","",""
"김성대","Z","변현제","P","Pole Star","2025-06-10","￦100,000","","","","","","","","","","","","","","","","","","","",""
"변현제","P","김지성","T","déjà vu","2025-06-19","￦100,000","","","","","","","","","","","","","","","","","","","",""
"김지성","T","변현제","P","Radeon","2025-06-19","￦100,000","","","","","","","","","","","","","","","","","","","",""
"변현제","P","김지성","T","Eclipse","2025-06-19","￦100,000","￦100,000","","","","","","","","","","","","","","","","","","",""
"김지성","T","변현제","P","Dominator","2025-06-19","￦100,000","","","","","","","","","","","","","","","","","","","",""
"김지성","T","변현제","P","Metropolis","2025-06-19","￦100,000","","","","","","","","","","","","","","","","","","","",""
"변현제","P","김지성","T","Eclipse","2025-06-19","￦100,000","","","","","","","","","","","","","","","","","","","",""
"변현제","P","김지성","T","déjà vu","2025-06-19","￦100,000","","","","","","","","","","","","","","","","","","","",""
"변현제","P","김지성","T","Radeon","2025-06-19","￦100,000","￦100,000","","","","","","","","","","","","","","","","","","",""
"김지성","T","변현제","P","Metropolis","2025-06-19","￦100,000","","","","","","","","","","","","","","","","","","","",""
"조일장","Z","변현제","P","Dominator","2025-06-27","￦100,000","","","","","","","","","","","","","","","","","","","",""
"변현제","P","조일장","Z","Eclipse","2025-06-27","￦100,000","","","","","","","","","","","","","","","","","","","",""
"변현제","P","조일장","Z","Radeon","2025-06-27","￦100,000","￦100,000","","","","","","","","","","","","","","","","","","",""
"조일장","Z","변현제","P","Pole Star","2025-06-27","￦100,000","","","","","","","","","","","","","","","","","","","",""
"조일장","Z","변현제","P","Metropolis","2025-06-27","￦100,000","","","","","","","","","","","","","","","","","","","",""
"조일장","Z","변현제","P","Eclipse","2025-06-27","￦100,000","","","","","","","","","","","","","","","","","","","",""
"변현제","P","조일장","Z","Metropolis","2025-06-27","￦100,000","￦100,000","","","","","","","","","","","","","","","","","","",""
"조일장","Z","변현제","P","Dominator","2025-06-27","￦100,000","","","","","","","","","","","","","","","","","","","",""
"조일장","Z","변현제","P","Pole Star","2025-06-27","￦100,000","","","","","","","","","","","","","","","","","","","",""
"이재호","T","조일장","Z","déjà vu","2025-07-07","￦100,000","","","","","","","","","","","","","","","","","","","",""
"이재호","T","조일장","Z","Radeon","2025-07-07","￦100,000","","","","","","","","","","","","","","","","","","","",""
"이재호","T","조일장","Z","Eclipse","2025-07-07","￦100,000","","","","","","","","","","","","","","","","","","","",""
"이재호","T","조일장","Z","Dominator","2025-07-07","￦100,000","","","","","","","","","","","","","","","","","","","",""
"이재호","T","조일장","Z","Metropolis","2025-07-07","￦100,000","","","","","","","","","","","","","","","","","","","",""
"조일장","Z","이재호","T","Radeon","2025-07-07","￦100,000","","","","","","","","","","","","","","","","","","","",""
"이재호","T","조일장","Z","déjà vu","2025-07-07","￦100,000","￦100,000","","","","","","","","","","","","","","","","","","",""
"조일장","Z","이재호","T","Metropolis","2025-07-07","￦100,000","￦100,000","","","","","","","","","","","","","","","","","","",""
"조일장","Z","이재호","T","Dominator","2025-07-07","￦100,000","","","","","","","","","","","","","","","","","","","",""
"도재욱","P","이재호","T","Metropolis","2025-07-12","￦100,000","","","","","","","","","","","","","","","","","","","",""
"도재욱","P","이재호","T","Pole Star","2025-07-12","￦100,000","￦100,000","","","","","","","","","","","","","","","","","","",""
"도재욱","P","이재호","T","Radeon","2025-07-12","￦100,000","","","","","","","","","","","","","","","","","","","",""
"도재욱","P","이재호","T","DeathValley","2025-07-12","￦100,000","￦100,000","","","","","","","","","","","","","","","","","","",""
"도재욱","P","이재호","T","Dominator","2025-07-12","￦100,000","","","","","","","","","","","","","","","","","","","",""
"이재호","T","도재욱","P","Pole Star","2025-07-12","￦100,000","","","","","","","","","","","","","","","","","","","",""
"이재호","T","도재욱","P","DeathValley","2025-07-12","￦100,000","","","","","","","","","","","","","","","","","","","",""
"이재호","T","도재욱","P","Metropolis","2025-07-12","￦100,000","","","","","","","","","","","","","","","","","","","",""
"도재욱","P","이재호","T","Dominator","2025-07-12","￦100,000","","","","","","","","","","","","","","","","","","","",""
"도재욱","P","이제동","Z","Dominator","2025-07-29","￦100,000","","","","","","","","","","","","","","","","","","","",""
"도재욱","P","이제동","Z","Radeon","2025-07-29","￦100,000","","","","","","","","","","","","","","","","","","","",""
"이제동","Z","도재욱","P","déjà vu","2025-07-29","￦100,000","","","","","","","","","","","","","","","","","","","",""
"이제동","Z","도재욱","P","Metropolis","2025-07-29","￦100,000","￦100,000","","","","","","","","","","","","","","","","","","",""
"도재욱","P","이제동","Z","Pole Star","2025-07-29","￦100,000","","","","","","","","","","","","","","","","","","","",""
"이제동","Z","도재욱","P","déjà vu","2025-07-29","￦100,000","￦100,000","","","","","","","","","","","","","","","","","","",""
"도재욱","P","이제동","Z","Metropolis","2025-07-29","￦100,000","","","","","","","","","","","","","","","","","","","",""
"도재욱","P","이제동","Z","Radeon","2025-07-29","￦100,000","","","","","","","","","","","","","","","","","","","",""
"도재욱","P","이제동","Z","Pole Star","2025-07-29","￦100,000","","","","","","","","","","","","","","","","","","","",""
"유영진","T","도재욱","P","Pole Star","2025-08-04","￦100,000","","","","","","","","","","","","","","","","","","","",""
"유영진","T","도재욱","P","Metropolis","2025-08-04","￦100,000","￦100,000","","","","","","","","","","","","","","","","","","",""
"도재욱","P","유영진","T","Litmus","2025-08-04","￦100,000","","","","","","","","","","","","","","","","","","","",""
"유영진","T","도재욱","P","Radeon","2025-08-04","￦100,000","","","","","","","","","","","","","","","","","","","",""
"유영진","T","도재욱","P","Dominator","2025-08-04","￦100,000","","","","","","","","","","","","","","","","","","","",""
"도재욱","P","유영진","T","Metropolis","2025-08-04","￦100,000","","","","","","","","","","","","","","","","","","","",""
"유영진","T","도재욱","P","Pole Star","2025-08-04","￦100,000","￦100,000","","","","","","","","","","","","","","","","","","",""
"도재욱","P","유영진","T","Litmus","2025-08-04","￦100,000","","","","","","","","","","","","","","","","","","","",""
"도재욱","P","유영진","T","Radeon","2025-08-04","￦100,000","","","","","","","","","","","","","","","","","","","",""
"유영진","T","박상현","Z","KnockOut","2025-08-14","￦100,000","","","","","","","","","","","","","","","","","","","",""
"박상현","Z","유영진","T","Radeon","2025-08-14","￦100,000","","","","","","","","","","","","","","","","","","","",""
"박상현","Z","유영진","T","Pole Star","2025-08-14","￦100,000","","","","","","","","","","","","","","","","","","","",""
"박상현","Z","유영진","T","Dominator","2025-08-14","￦100,000","","","","","","","","","","","","","","","","","","","",""
"유영진","T","박상현","Z","Metropolis","2025-08-14","￦100,000","","","","","","","","","","","","","","","","","","","",""
"박상현","Z","유영진","T","KnockOut","2025-08-14","￦100,000","","","","","","","","","","","","","","","","","","","",""
"박상현","Z","유영진","T","Pole Star","2025-08-14","￦100,000","￦100,000","","","","","","","","","","","","","","","","","","",""
"유영진","T","박상현","Z","Dominator","2025-08-14","￦100,000","","","","","","","","","","","","","","","","","","","",""
"유영진","T","박상현","Z","Radeon","2025-08-14","￦100,000","￦100,000","","","","","","","","","","","","","","","","","","",""
"장윤철","P","박상현","Z","Metropolis","2025-08-21","￦100,000","","","","","","","","","","","","","","","","","","","",""
"박상현","Z","장윤철","P","Radeon","2025-08-21","￦100,000","","","","","","","","","","","","","","","","","","","",""
"장윤철","P","박상현","Z","Litmus","2025-08-21","￦100,000","","","","","","","","","","","","","","","","","","","",""
"장윤철","P","박상현","Z","Dominator","2025-08-21","￦100,000","","","","","","","","","","","","","","","","","","","",""
"박상현","Z","장윤철","P","KnockOut","2025-08-21","￦100,000","￦100,000","","","","","","","","","","","","","","","","","","",""
"박상현","Z","장윤철","P","Dominator","2025-08-21","￦100,000","","","","","","","","","","","","","","","","","","","",""
"장윤철","P","박상현","Z","Litmus","2025-08-21","￦100,000","","","","","","","","","","","","","","","","","","","",""
"박상현","Z","장윤철","P","Radeon","2025-08-21","￦100,000","","","","","","","","","","","","","","","","","","","",""
"박상현","Z","장윤철","P","Metropolis","2025-08-21","￦100,000","￦100,000","","","","","","","","","","","","","","","","","","",""
"조기석","T","박상현","Z","Pole Star","2025-08-29","￦100,000","","","","","","","","","","","","","","","","","","","",""
"박상현","Z","조기석","T","Radeon","2025-08-29","￦100,000","","","","","","","","","","","","","","","","","","","",""
"박상현","Z","조기석","T","KnockOut","2025-08-29","￦100,000","","","","","","","","","","","","","","","","","","","",""
"박상현","Z","조기석","T","Dominator","2025-08-29","￦100,000","￦100,000","","","","","","","","","","","","","","","","","","",""
"조기석","T","박상현","Z","Litmus","2025-08-29","￦100,000","","","","","","","","","","","","","","","","","","","",""
"박상현","Z","조기석","T","Dominator","2025-08-29","￦100,000","","","","","","","","","","","","","","","","","","","",""
"조기석","T","박상현","Z","Pole Star","2025-08-29","￦100,000","￦100,000","","","","","","","","","","","","","","","","","","",""
"박상현","Z","조기석","T","Radeon","2025-08-29","￦100,000","","","","","","","","","","","","","","","","","","","",""
"박상현","Z","조기석","T","KnockOut","2025-08-29","￦100,000","","","","","","","","","","","","","","","","","","","",""
"박상현","Z","정영재","T","Radeon","2025-09-03","￦100,000","","","","","","","","","","","","","","","","","","","",""
"박상현","Z","정영재","T","Pole Star","2025-09-03","￦100,000","","","","","","","","","","","","","","","","","","","",""
"박상현","Z","정영재","T","Dominator","2025-09-03","￦100,000","","","","","","","","","","","","","","","","","","","",""
"박상현","Z","정영재","T","KnockOut","2025-09-03","￦100,000","","","","","","","","","","","","","","","","","","","",""
"박상현","Z","정영재","T","Metropolis","2025-09-03","￦100,000","￦100,000","","","","","","","","","","","","","","","","","","",""
"박상현","Z","정영재","T","Pole Star","2025-09-03","￦100,000","￦100,000","","","","","","","","","","","","","","","","","","",""
"정영재","T","박상현","Z","Dominator","2025-09-03","￦100,000","","","","","","","","","","","","","","","","","","","",""
"박상현","Z","정영재","T","KnockOut","2025-09-03","￦100,000","","","","","","","","","","","","","","","","","","","",""
"정영재","T","박상현","Z","Radeon","2025-09-03","￦100,000","","","","","","","","","","","","","","","","","","","",""
"임홍규","Z","변현제","P","Litmus","2025-09-05","￦100,000","","","","","","","","","","","","","","","","","","","",""
"임홍규","Z","변현제","P","Metropolis","2025-09-05","￦100,000","","","","","","","","","","","","","","","","","","","",""
"변현제","P","임홍규","Z","Dominator","2025-09-05","￦100,000","￦100,000","","","","","","","","","","","","","","","","","","",""
"임홍규","Z","변현제","P","Radeon","2025-09-05","￦100,000","","","","","","","","","","","","","","","","","","","",""
"임홍규","Z","변현제","P","KnockOut","2025-09-05","￦100,000","","","","","","","","","","","","","","","","","","","",""
"임홍규","Z","변현제","P","Metropolis","2025-09-05","￦100,000","￦100,000","","","","","","","","","","","","","","","","","","",""
"임홍규","Z","변현제","P","Dominator","2025-09-05","￦100,000","","","","","","","","","","","","","","","","","","","",""
"임홍규","Z","변현제","P","Radeon","2025-09-05","￦100,000","","","","","","","","","","","","","","","","","","","",""
"임홍규","Z","변현제","P","Litmus","2025-09-05","￦100,000","","","","","","","","","","","","","","","","","","","",""
"박상현","Z","김지성","T","Pole Star","2025-09-17","￦100,000","","","","","","","","","","","","","","","","","","","",""
"박상현","Z","김지성","T","KnockOut","2025-09-17","￦100,000","","","","","","","","","","","","","","","","","","","",""
"박상현","Z","김지성","T","Metropolis","2025-09-17","￦100,000","","","","","","","","","","","","","","","","","","","",""
"박상현","Z","김지성","T","Dominator","2025-09-17","￦100,000","","","","","","","","","","","","","","","","","","","",""
"김지성","T","박상현","Z","Litmus","2025-09-17","￦100,000","","","","","","","","","","","","","","","","","","","",""
"김지성","T","박상현","Z","Pole Star","2025-09-17","￦100,000","￦100,000","","","","","","","","","","","","","","","","","","",""
"김지성","T","박상현","Z","Dominator","2025-09-17","￦100,000","","","","","","","","","","","","","","","","","","","",""
"김지성","T","박상현","Z","Metropolis","2025-09-17","￦100,000","￦100,000","","","","","","","","","","","","","","","","","","",""
"김지성","T","박상현","Z","KnockOut","2025-09-17","￦100,000","","","","","","","","","","","","","","","","","","","",""
"김명운","Z","김지성","T","Radeon","2025-09-24","￦100,000","","","","","","","","","","","","","","","","","","","",""
"김명운","Z","김지성","T","Roaring Currents","2025-09-24","￦100,000","","","","","","","","","","","","","","","","","","","",""
"김지성","T","김명운","Z","KnockOut","2025-09-24","￦100,000","","","","","","","","","","","","","","","","","","","",""
"김지성","T","김명운","Z","Metropolis","2025-09-24","￦100,000","","","","","","","","","","","","","","","","","","","",""
"김지성","T","김명운","Z","Dominator","2025-09-24","￦100,000","","","","","","","","","","","","","","","","","","","",""
"김지성","T","김명운","Z","Metropolis","2025-09-24","￦100,000","￦100,000","","","","","","","","","","","","","","","","","","",""
"김지성","T","김명운","Z","Radeon","2025-09-24","￦100,000","","","","","","","","","","","","","","","","","","","",""
"김명운","Z","김지성","T","Dominator","2025-09-24","￦100,000","￦100,000","","","","","","","","","","","","","","","","","","",""
"김지성","T","김명운","Z","KnockOut","2025-09-24","￦100,000","","","","","","","","","","","","","","","","","","","",""
"김지성","T","김정우","Z","Radeon","2025-10-01","￦100,000","","","","","","","","","","","","","","","","","","","",""
"김정우","Z","김지성","T","Metropolis","2025-10-01","￦100,000","￦100,000","","","","","","","","","","","","","","","","","","",""
"김지성","T","김정우","Z","Pole Star","2025-10-01","￦100,000","","","","","","","","","","","","","","","","","","","",""
"김정우","Z","김지성","T","KnockOut","2025-10-01","￦100,000","","","","","","","","","","","","","","","","","","","",""
"김지성","T","김정우","Z","Dominator","2025-10-01","￦100,000","","","","","","","","","","","","","","","","","","","",""
"김지성","T","김정우","Z","Metropolis","2025-10-01","￦100,000","","","","","","","","","","","","","","","","","","","",""
"김지성","T","김정우","Z","Pole Star","2025-10-01","￦100,000","￦100,000","","","","","","","","","","","","","","","","","","",""
"김정우","Z","김지성","T","KnockOut","2025-10-01","￦100,000","","","","","","","","","","","","","","","","","","","",""
"김지성","T","김정우","Z","Dominator","2025-10-01","￦100,000","","","","","","","","","","","","","","","","","","","",""
"김지성","T","도재욱","P","Radeon","2025-10-10","￦100,000","","","","","","","","","","","","","","","","","","","",""
"도재욱","P","김지성","T","Dominator","2025-10-10","￦100,000","￦100,000","","","","","","","","","","","","","","","","","","",""
"도재욱","P","김지성","T","Metropolis","2025-10-10","￦100,000","","","","","","","","","","","","","","","","","","","",""
"도재욱","P","김지성","T","Pole Star","2025-10-10","￦100,000","￦100,000","","","","","","","","","","","","","","","","","","",""
"도재욱","P","김지성","T","Litmus","2025-10-10","￦100,000","","","","","","","","","","","","","","","","","","","",""
"김지성","T","도재욱","P","Radeon","2025-10-10","￦100,000","","","","","","","","","","","","","","","","","","","",""
"김지성","T","도재욱","P","Dominator","2025-10-10","￦100,000","","","","","","","","","","","","","","","","","","","",""
"김지성","T","도재욱","P","Litmus","2025-10-10","￦100,000","","","","","","","","","","","","","","","","","","","",""
"김지성","T","도재욱","P","Metropolis","2025-10-10","￦100,000","","","","","","","","","","","","","","","","","","","",""
"임홍규","Z","김지성","T","Pole Star","2025-10-16","￦100,000","","","","","","","","","","","","","","","","","","","",""
"김지성","T","임홍규","Z","Metropolis","2025-10-16","￦100,000","","","","","","","","","","","","","","","","","","","",""
"김지성","T","임홍규","Z","Dominator","2025-10-16","￦100,000","","","","","","","","","","","","","","","","","","","",""
"김지성","T","임홍규","Z","Radeon","2025-10-16","￦100,000","","","","","","","","","","","","","","","","","","","",""
"임홍규","Z","김지성","T","KnockOut","2025-10-16","￦100,000","","","","","","","","","","","","","","","","","","","",""
"김지성","T","임홍규","Z","Pole Star","2025-10-16","￦100,000","￦100,000","","","","","","","","","","","","","","","","","","",""
"김지성","T","임홍규","Z","Metropolis","2025-10-16","￦100,000","","","","","","","","","","","","","","","","","","","",""
"임홍규","Z","김지성","T","Dominator","2025-10-16","￦100,000","","","","","","","","","","","","","","","","","","","",""
"김지성","T","임홍규","Z","Radeon","2025-10-16","￦100,000","￦100,000","","","","","","","","","","","","","","","","","","",""
"조일장","Z","김지성","T","Radeon","2025-10-23","￦100,000","","","","","","","","","","","","","","","","","","","",""
"김지성","T","조일장","Z","Pole Star","2025-10-23","￦100,000","","","","","","","","","","","","","","","","","","","",""
"김지성","T","조일장","Z","Dominator","2025-10-23","￦100,000","","","","","","","","","","","","","","","","","","","",""
"조일장","Z","김지성","T","Metropolis","2025-10-23","￦100,000","","","","","","","","","","","","","","","","","","","",""
"조일장","Z","김지성","T","KnockOut","2025-10-23","￦100,000","","","","","","","","","","","","","","","","","","","",""
"김지성","T","조일장","Z","Pole Star","2025-10-23","￦100,000","","","","","","","","","","","","","","","","","","","",""
"김지성","T","조일장","Z","Dominator","2025-10-23","￦100,000","","","","","","","","","","","","","","","","","","","",""
"김지성","T","조일장","Z","Metropolis","2025-10-23","￦100,000","￦100,000","","","","","","","","","","","","","","","","","","",""
"조일장","Z","김지성","T","Radeon","2025-10-23","￦100,000","￦100,000","","","","","","","","","","","","","","","","","","",""
"장윤철","P","김지성","T","Dominator","2025-10-28","￦100,000","","","","","","","","","","","","","","","","","","","",""
"장윤철","P","김지성","T","Radeon","2025-10-28","￦100,000","","","","","","","","","","","","","","","","","","","",""
"김지성","T","장윤철","P","KnockOut","2025-10-28","￦100,000","","","","","","","","","","","","","","","","","","","",""
"장윤철","P","김지성","T","Litmus","2025-10-28","￦100,000","","","","","","","","","","","","","","","","","","","",""
"김지성","T","장윤철","P","Metropolis","2025-10-28","￦100,000","","","","","","","","","","","","","","","","","","","",""
"장윤철","P","김지성","T","Dominator","2025-10-28","￦100,000","￦100,000","","","","","","","","","","","","","","","","","","",""
"장윤철","P","김지성","T","Metropolis","2025-10-28","￦100,000","￦100,000","","","","","","","","","","","","","","","","","","",""
"김지성","T","장윤철","P","Radeon","2025-10-28","￦100,000","","","","","","","","","","","","","","","","","","","",""
"장윤철","P","김지성","T","Litmus","2025-10-28","￦100,000","","","","","","","","","","","","","","","","","","","",""
"장윤철","P","김명운","Z","Dominator","2025-11-20","￦100,000","","","","","","","","","","","","","","","","","","","",""
"김명운","Z","장윤철","P","Metropolis","2025-11-20","￦100,000","","","","","","","","","","","","","","","","","","","",""
"장윤철","P","김명운","Z","Roaring Currents","2025-11-20","￦100,000","","","","","","","","","","","","","","","","","","","",""
"장윤철","P","김명운","Z","Pole Star","2025-11-20","￦100,000","","","","","","","","","","","","","","","","","","","",""
"김명운","Z","장윤철","P","Radeon","2025-11-20","￦100,000","","","","","","","","","","","","","","","","","","","",""
"장윤철","P","김명운","Z","Roaring Currents","2025-11-20","￦100,000","￦100,000","","","","","","","","","","","","","","","","","","",""
"장윤철","P","김명운","Z","Metropolis","2025-11-20","￦100,000","￦100,000","","","","","","","","","","","","","","","","","","",""
"장윤철","P","김명운","Z","Dominator","2025-11-20","￦100,000","","","","","","","","","","","","","","","","","","","",""
"김명운","Z","장윤철","P","Pole Star","2025-11-20","￦100,000","","","","","","","","","","","","","","","","","","","",""
"장윤철","P","이재호","T","Pole Star","2025-11-25","￦100,000","","","","","","","","","","","","","","","","","","","",""
"장윤철","P","이재호","T","Dominator","2025-11-25","￦100,000","","","","","","","","","","","","","","","","","","","",""
"장윤철","P","이재호","T","Litmus","2025-11-25","￦100,000","","","","","","","","","","","","","","","","","","","",""
"이재호","T","장윤철","P","Radeon","2025-11-25","￦100,000","￦100,000","","","","","","","","","","","","","","","","","","",""
"이재호","T","장윤철","P","KnockOut","2025-11-25","￦100,000","","","","","","","","","","","","","","","","","","","",""
"장윤철","P","이재호","T","Litmus","2025-11-25","￦100,000","","","","","","","","","","","","","","","","","","","",""
"이재호","T","장윤철","P","Pole Star","2025-11-25","￦100,000","","","","","","","","","","","","","","","","","","","",""
"장윤철","P","이재호","T","KnockOut","2025-11-25","￦100,000","","","","","","","","","","","","","","","","","","","",""
"이재호","T","장윤철","P","Radeon","2025-11-25","￦100,000","￦100,000","","","","","","","","","","","","","","","","","","",""
"김성대","Z","장윤철","P","Radeon","2025-11-27","￦100,000","","","","","","","","","","","","","","","","","","","",""
"김성대","Z","장윤철","P","Metropolis","2025-11-27","￦100,000","","","","","","","","","","","","","","","","","","","",""
"김성대","Z","장윤철","P","Dominator","2025-11-27","￦100,000","","","","","","","","","","","","","","","","","","","",""
"장윤철","P","김성대","Z","KnockOut","2025-11-27","￦100,000","","","","","","","","","","","","","","","","","","","",""
"장윤철","P","김성대","Z","Litmus","2025-11-27","￦100,000","","","","","","","","","","","","","","","","","","","",""
"김성대","Z","장윤철","P","Radeon","2025-11-27","￦100,000","￦100,000","","","","","","","","","","","","","","","","","","",""
"장윤철","P","김성대","Z","Dominator","2025-11-27","￦100,000","￦100,000","","","","","","","","","","","","","","","","","","",""
"장윤철","P","김성대","Z","Metropolis","2025-11-27","￦100,000","","","","","","","","","","","","","","","","","","","",""
"김성대","Z","장윤철","P","KnockOut","2025-11-27","￦100,000","","","","","","","","","","","","","","","","","","","",""
"김성대","Z","유영진","T","Metropolis","2025-12-09","￦100,000","","","","","","","","","","","","","","","","","","","",""
"유영진","T","김성대","Z","Dominator","2025-12-09","￦100,000","","","","","","","","","","","","","","","","","","","",""
"김성대","Z","유영진","T","Radeon","2025-12-09","￦100,000","","","","","","","","","","","","","","","","","","","",""
"유영진","T","김성대","Z","KnockOut","2025-12-09","￦100,000","","","","","","","","","","","","","","","","","","","",""
"김성대","Z","유영진","T","Litmus","2025-12-09","￦100,000","￦100,000","","","","","","","","","","","","","","","","","","",""
"유영진","T","김성대","Z","Dominator","2025-12-09","￦100,000","￦100,000","","","","","","","","","","","","","","","","","","",""
"유영진","T","김성대","Z","Litmus","2025-12-09","￦100,000","","","","","","","","","","","","","","","","","","","",""
"김성대","Z","유영진","T","Metropolis","2025-12-09","￦100,000","","","","","","","","","","","","","","","","","","","",""
"유영진","T","김성대","Z","Radeon","2025-12-09","￦100,000","","","","","","","","","","","","","","","","","","","",""
"변현제","P","유영진","T","Pole Star","2025-12-16","￦100,000","","","","","","","","","","","","","","","","","","","",""
"변현제","P","유영진","T","KnockOut","2025-12-16","￦100,000","","","","","","","","","","","","","","","","","","","",""
"변현제","P","유영진","T","Radeon","2025-12-16","￦100,000","","","","","","","","","","","","","","","","","","","",""
"변현제","P","유영진","T","Dominator","2025-12-16","￦100,000","","","","","","","","","","","","","","","","","","","",""
"유영진","T","변현제","P","Litmus","2025-12-16","￦100,000","￦100,000","","","","","","","","","","","","","","","","","","",""
"유영진","T","변현제","P","Dominator","2025-12-16","￦100,000","","","","","","","","","","","","","","","","","","","",""
"변현제","P","유영진","T","Litmus","2025-12-16","￦100,000","","","","","","","","","","","","","","","","","","","",""
"유영진","T","변현제","P","Pole Star","2025-12-16","￦100,000","￦100,000","","","","","","","","","","","","","","","","","","",""
"변현제","P","유영진","T","Radeon","2025-12-16","￦100,000","","","","","","","","","","","","","","","","","","","",""
"박상현","Z","변현제","P","Radeon","2025-12-23","￦100,000","","","","","","","","","","","","","","","","","","","",""
"박상현","Z","변현제","P","Litmus","2025-12-23","￦100,000","￦100,000","","","","","","","","","","","","","","","","","","",""
"박상현","Z","변현제","P","Metropolis","2025-12-23","￦100,000","","","","","","","","","","","","","","","","","","","",""
"박상현","Z","변현제","P","KnockOut","2025-12-23","￦100,000","","","","","","","","","","","","","","","","","","","",""
"박상현","Z","변현제","P","Dominator","2025-12-23","￦100,000","","","","","","","","","","","","","","","","","","","",""
"박상현","Z","변현제","P","Litmus","2025-12-23","￦100,000","","","","","","","","","","","","","","","","","","","",""
"변현제","P","박상현","Z","Metropolis","2025-12-23","￦100,000","￦100,000","","","","","","","","","","","","","","","","","","",""
"박상현","Z","변현제","P","Dominator","2025-12-23","￦100,000","","","","","","","","","","","","","","","","","","","",""
"박상현","Z","변현제","P","Radeon","2025-12-23","￦100,000","","","","","","","","","","","","","","","","","","","",""
"김지성","T","박상현","Z","Pole Star","2025-12-30","￦100,000","","","","","","","","","","","","","","","","","","","",""
"김지성","T","박상현","Z","Radeon","2025-12-30","￦100,000","","","","","","","","","","","","","","","","","","","",""
"박상현","Z","김지성","T","KnockOut","2025-12-30","￦100,000","","","","","","","","","","","","","","","","","","","",""
"박상현","Z","김지성","T","Metropolis","2025-12-30","￦100,000","￦100,000","","","","","","","","","","","","","","","","","","",""
"박상현","Z","김지성","T","Dominator","2025-12-30","￦100,000","","","","","","","","","","","","","","","","","","","",""
"김지성","T","박상현","Z","Pole Star","2025-12-30","￦100,000","￦100,000","","","","","","","","","","","","","","","","","","",""
"박상현","Z","김지성","T","Dominator","2025-12-30","￦100,000","","","","","","","","","","","","","","","","","","","",""
"박상현","Z","김지성","T","KnockOut","2025-12-30","￦100,000","","","","","","","","","","","","","","","","","","","",""
"김지성","T","박상현","Z","Metropolis","2025-12-30","￦100,000","","","","","","","","","","","","","","","","","","","",""
"박상현","Z","도재욱","P","Metropolis","2026-01-05","￦100,000","","","","","","","","","","","","","","","","","","","",""
"박상현","Z","도재욱","P","Radeon","2026-01-05","￦100,000","","","","","","","","","","","","","","","","","","","",""
"도재욱","P","박상현","Z","Litmus","2026-01-05","￦100,000","","","","","","","","","","","","","","","","","","","",""
"박상현","Z","도재욱","P","Pole Star","2026-01-05","￦100,000","","","","","","","","","","","","","","","","","","","",""
"박상현","Z","도재욱","P","KnockOut","2026-01-05","￦100,000","","","","","","","","","","","","","","","","","","","",""
"박상현","Z","도재욱","P","Litmus","2026-01-05","￦100,000","￦100,000","","","","","","","","","","","","","","","","","","",""
"박상현","Z","도재욱","P","Metropolis","2026-01-05","￦100,000","","","","","","","","","","","","","","","","","","","",""
"도재욱","P","박상현","Z","KnockOut","2026-01-05","￦100,000","","","","","","","","","","","","","","","","","","","",""
"박상현","Z","도재욱","P","Pole Star","2026-01-05","￦100,000","￦100,000","","","","","","","","","","","","","","","","","","",""
"박상현","Z","유영진","T","Pole Star","2026-01-12","￦100,000","","","","","","","","","","","","","","","","","","","",""
"유영진","T","박상현","Z","Metropolis","2026-01-12","￦100,000","","","","","","","","","","","","","","","","","","","",""
"박상현","Z","유영진","T","Radeon","2026-01-12","￦100,000","","","","","","","","","","","","","","","","","","","",""
"박상현","Z","유영진","T","Dominator","2026-01-12","￦100,000","","","","","","","","","","","","","","","","","","","",""
"박상현","Z","유영진","T","Roaring Currents","2026-01-12","￦100,000","￦100,000","","","","","","","","","","","","","","","","","","",""
"유영진","T","박상현","Z","Pole Star","2026-01-12","￦100,000","￦100,000","","","","","","","","","","","","","","","","","","",""
"박상현","Z","유영진","T","Radeon","2026-01-12","￦100,000","","","","","","","","","","","","","","","","","","","",""
"유영진","T","박상현","Z","Metropolis","2026-01-12","￦100,000","","","","","","","","","","","","","","","","","","","",""
"유영진","T","박상현","Z","Dominator","2026-01-12","￦100,000","","","","","","","","","","","","","","","","","","","",""
"박상현","Z","이영웅","T","Pole Star","2026-01-19","￦100,000","","","","","","","","","","","","","","","","","","","",""
"이영웅","T","박상현","Z","Metropolis","2026-01-19","￦100,000","","","","","","","","","","","","","","","","","","","",""
"박상현","Z","이영웅","T","Litmus","2026-01-19","￦100,000","","","","","","","","","","","","","","","","","","","",""
"이영웅","T","박상현","Z","Radeon","2026-01-19","￦100,000","￦100,000","","","","","","","","","","","","","","","","","","",""
"박상현","Z","이영웅","T","KnockOut","2026-01-19","￦100,000","","","","","","","","","","","","","","","","","","","",""
"박상현","Z","이영웅","T","Pole Star","2026-01-19","￦100,000","","","","","","","","","","","","","","","","","","","",""
"이영웅","T","박상현","Z","Metropolis","2026-01-19","￦100,000","￦100,000","","","","","","","","","","","","","","","","","","",""
"박상현","Z","이영웅","T","Radeon","2026-01-19","￦100,000","","","","","","","","","","","","","","","","","","","",""
"이영웅","T","박상현","Z","Litmus","2026-01-19","￦100,000","","","","","","","","","","","","","","","","","","","",""
"송병구","P","조기석","T","Metropolis","2026-01-26","￦100,000","","","","","","","","","","","","","","","","","","","",""
"조기석","T","송병구","P","Radeon","2026-01-26","￦100,000","","","","","","","","","","","","","","","","","","","",""
"송병구","P","조기석","T","Dominator","2026-01-26","￦100,000","￦100,000","","","","","","","","","","","","","","","","","","",""
"조기석","T","송병구","P","KnockOut","2026-01-26","￦100,000","","","","","","","","","","","","","","","","","","","",""
"조기석","T","송병구","P","Litmus","2026-01-26","￦100,000","","","","","","","","","","","","","","","","","","","",""
"조기석","T","송병구","P","Litmus","2026-01-26","￦100,000","","","","","","","","","","","","","","","","","","","",""
"조기석","T","송병구","P","Dominator","2026-01-26","￦100,000","","","","","","","","","","","","","","","","","","","",""
"송병구","P","조기석","T","Metropolis","2026-01-26","￦100,000","￦100,000","","","","","","","","","","","","","","","","","","",""
"조기석","T","송병구","P","KnockOut","2026-01-26","￦100,000","","","","","","","","","","","","","","","","","","","",""
"박상현","Z","조기석","T","Radeon","2026-02-02","￦100,000","","","","","","","","","","","","","","","","","","","",""
"박상현","Z","조기석","T","KnockOut","2026-02-02","￦100,000","","","","","","","","","","","","","","","","","","","",""
"박상현","Z","조기석","T","Metropolis","2026-02-02","￦100,000","","","","","","","","","","","","","","","","","","","",""
"박상현","Z","조기석","T","Dominator","2026-02-02","￦100,000","","","","","","","","","","","","","","","","","","","",""
"조기석","T","박상현","Z","Litmus","2026-02-02","￦100,000","￦100,000","","","","","","","","","","","","","","","","","","",""
"박상현","Z","조기석","T","Radeon","2026-02-02","￦100,000","","","","","","","","","","","","","","","","","","","",""
"박상현","Z","조기석","T","KnockOut","2026-02-02","￦100,000","￦100,000","","","","","","","","","","","","","","","","","","",""
"박상현","Z","조기석","T","Metropolis","2026-02-02","￦100,000","","","","","","","","","","","","","","","","","","","",""
"박상현","Z","조기석","T","Dominator","2026-02-02","￦100,000","","","","","","","","","","","","","","","","","","","",""
"박상현","Z","장윤철","P","MatchPoint","2026-02-09","￦100,000","","","","","","","","","","","","","","","","","","","",""
"장윤철","P","박상현","Z","Neo Sylphid","2026-02-09","￦100,000","","","","","","","","","","","","","","","","","","","",""
"박상현","Z","장윤철","P","Pole Star","2026-02-09","￦100,000","","","","","","","","","","","","","","","","","","","",""
"장윤철","P","박상현","Z","KnockOut","2026-02-09","￦100,000","","","","","","","","","","","","","","","","","","","",""
"장윤철","P","박상현","Z","Octagon","2026-02-09","￦100,000","","","","","","","","","","","","","","","","","","","",""
"박상현","Z","장윤철","P","Pole Star","2026-02-09","￦100,000","￦100,000","","","","","","","","","","","","","","","","","","",""
"박상현","Z","장윤철","P","MatchPoint","2026-02-09","￦100,000","","","","","","","","","","","","","","","","","","","",""
"박상현","Z","장윤철","P","Neo Sylphid","2026-02-09","￦100,000","","","","","","","","","","","","","","","","","","","",""
"박상현","Z","장윤철","P","Octagon","2026-02-09","￦100,000","￦100,000","","","","","","","","","","","","","","","","","","",""
"박상현","Z","이재호","T","Attitude","2026-02-19","￦100,000","","","","","","","","","","","","","","","","","","","",""
"이재호","T","박상현","Z","Pole Star","2026-02-19","￦100,000","￦100,000","","","","","","","","","","","","","","","","","","",""
"박상현","Z","이재호","T","Octagon","2026-02-19","￦100,000","","","","","","","","","","","","","","","","","","","",""
"박상현","Z","이재호","T","Neo Sylphid","2026-02-19","￦100,000","","","","","","","","","","","","","","","","","","","",""
"이재호","T","박상현","Z","MatchPoint","2026-02-19","￦100,000","","","","","","","","","","","","","","","","","","","",""
"이재호","T","박상현","Z","Neo Sylphid","2026-02-19","￦100,000","￦100,000","","","","","","","","","","","","","","","","","","",""
"이재호","T","박상현","Z","Octagon","2026-02-19","￦100,000","","","","","","","","","","","","","","","","","","","",""
"이재호","T","박상현","Z","MatchPoint","2026-02-19","￦100,000","","","","","","","","","","","","","","","","","","","",""
"이재호","T","박상현","Z","Attitude","2026-02-19","￦100,000","","","","","","","","","","","","","","","","","","","",""
"변현제","P","이재호","T","Neo Sylphid","2026-02-23","￦100,000","","","","","","","","","","","","","","","","","","","",""
"이재호","T","변현제","P","Pole Star","2026-02-23","￦100,000","￦100,000","","","","","","","","","","","","","","","","","","",""
"변현제","P","이재호","T","Jane doe","2026-02-23","￦100,000","￦100,000","","","","","","","","","","","","","","","","","","",""
"이재호","T","변현제","P","Octagon","2026-02-23","￦100,000","","","","","","","","","","","","","","","","","","","",""
"변현제","P","이재호","T","KnockOut","2026-02-23","￦100,000","","","","","","","","","","","","","","","","","","","",""
"이재호","T","변현제","P","Pole Star","2026-02-23","￦100,000","","","","","","","","","","","","","","","","","","","",""
"이재호","T","변현제","P","Jane doe","2026-02-23","￦100,000","","","","","","","","","","","","","","","","","","","",""
"변현제","P","이재호","T","Neo Sylphid","2026-02-23","￦100,000","","","","","","","","","","","","","","","","","","","",""
"이재호","T","변현제","P","Octagon","2026-02-23","￦100,000","","","","","","","","","","","","","","","","","","","",""
"이재호","T","김명운","Z","KnockOut","2026-03-06","￦100,000","","","","","","","","","","","","","","","","","","","",""
"이재호","T","김명운","Z","Octagon","2026-03-06","￦100,000","","","","","","","","","","","","","","","","","","","",""
"김명운","Z","이재호","T","Pole Star","2026-03-06","￦100,000","","","","","","","","","","","","","","","","","","","",""
"이재호","T","김명운","Z","Jane doe","2026-03-06","￦100,000","","","","","","","","","","","","","","","","","","","",""
"이재호","T","김명운","Z","Attitude","2026-03-06","￦100,000","","","","","","","","","","","","","","","","","","","",""
"김명운","Z","이재호","T","KnockOut","2026-03-06","￦100,000","￦100,000","","","","","","","","","","","","","","","","","","",""
"이재호","T","김명운","Z","Pole Star","2026-03-06","￦100,000","￦100,000","","","","","","","","","","","","","","","","","","",""
"김명운","Z","이재호","T","Octagon","2026-03-06","￦100,000","","","","","","","","","","","","","","","","","","","",""
"김명운","Z","이재호","T","Jane doe","2026-03-06","￦100,000","","","","","","","","","","","","","","","","","","","",""
"도재욱","P","이재호","T","Octagon","2026-03-14","￦100,000","","","","","","","","","","","","","","","","","","","",""
"이재호","T","도재욱","P","Pole Star","2026-03-14","￦100,000","","","","","","","","","","","","","","","","","","","",""
"이재호","T","도재욱","P","Neo Sylphid","2026-03-14","￦100,000","","","","","","","","","","","","","","","","","","","",""
"도재욱","P","이재호","T","Jane doe","2026-03-14","￦100,000","￦100,000","","","","","","","","","","","","","","","","","","",""
"이재호","T","도재욱","P","KnockOut","2026-03-14","￦100,000","","","","","","","","","","","","","","","","","","","",""
"이재호","T","도재욱","P","Jane doe","2026-03-14","￦100,000","","","","","","","","","","","","","","","","","","","",""
"이재호","T","도재욱","P","Octagon","2026-03-14","￦100,000","","","","","","","","","","","","","","","","","","","",""
"이재호","T","도재욱","P","Neo Sylphid","2026-03-14","￦100,000","￦100,000","","","","","","","","","","","","","","","","","","",""
"도재욱","P","이재호","T","KnockOut","2026-03-14","￦100,000","","","","","","","","","","","","","","","","","","","",""
"이재호","T","조일장","Z","Octagon","2026-03-17","￦100,000","","","","","","","","","","","","","","","","","","","",""
"조일장","Z","이재호","T","KnockOut","2026-03-17","￦100,000","","","","","","","","","","","","","","","","","","","",""
"이재호","T","조일장","Z","Pole Star","2026-03-17","￦100,000","","","","","","","","","","","","","","","","","","","",""
"조일장","Z","이재호","T","MatchPoint","2026-03-17","￦100,000","","","","","","","","","","","","","","","","","","","",""
"조일장","Z","이재호","T","Attitude","2026-03-17","￦100,000","","","","","","","","","","","","","","","","","","","",""
"조일장","Z","이재호","T","Pole Star","2026-03-17","￦100,000","￦100,000","","","","","","","","","","","","","","","","","","",""
"조일장","Z","이재호","T","Attitude","2026-03-17","￦100,000","","","","","","","","","","","","","","","","","","","",""
"조일장","Z","이재호","T","Octagon","2026-03-17","￦100,000","","","","","","","","","","","","","","","","","","","",""
"조일장","Z","이재호","T","MatchPoint","2026-03-17","￦100,000","￦100,000","","","","","","","","","","","","","","","","","","",""
"조일장","Z","변현제","P","Attitude","2026-04-07","￦100,000","","","","","","","","","","","","","","","","","","","",""
"변현제","P","조일장","Z","Jane doe","2026-04-07","￦100,000","￦100,000","","","","","","","","","","","","","","","","","","",""
"조일장","Z","변현제","P","Neo Sylphid","2026-04-07","￦100,000","","","","","","","","","","","","","","","","","","","",""
"조일장","Z","변현제","P","KnockOut","2026-04-07","￦100,000","","","","","","","","","","","","","","","","","","","",""
"조일장","Z","변현제","P","Octagon","2026-04-07","￦100,000","","","","","","","","","","","","","","","","","","","",""
"변현제","P","조일장","Z","Jane doe","2026-04-07","￦100,000","","","","","","","","","","","","","","","","","","","",""
"조일장","Z","변현제","P","Attitude","2026-04-07","￦100,000","￦100,000","","","","","","","","","","","","","","","","","","",""
"변현제","P","조일장","Z","Octagon","2026-04-07","￦100,000","","","","","","","","","","","","","","","","","","","",""
"조일장","Z","변현제","P","Neo Sylphid","2026-04-07","￦100,000","","","","","","","","","","","","","","","","","","","",""
"유영진","T","조일장","Z","Octagon","2026-04-10","￦100,000","","","","","","","","","","","","","","","","","","","",""
"조일장","Z","유영진","T","MatchPoint","2026-04-10","￦100,000","","","","","","","","","","","","","","","","","","","",""
"조일장","Z","유영진","T","Jane doe","2026-04-10","￦100,000","￦100,000","","","","","","","","","","","","","","","","","","",""
"유영진","T","조일장","Z","Neo Sylphid","2026-04-10","￦100,000","","","","","","","","","","","","","","","","","","","",""
"조일장","Z","유영진","T","Attitude","2026-04-10","￦100,000","","","","","","","","","","","","","","","","","","","",""
"유영진","T","조일장","Z","Octagon","2026-04-10","￦100,000","","","","","","","","","","","","","","","","","","","",""
"조일장","Z","유영진","T","MatchPoint","2026-04-10","￦100,000","￦100,000","","","","","","","","","","","","","","","","","","",""
"조일장","Z","유영진","T","Neo Sylphid","2026-04-10","￦100,000","","","","","","","","","","","","","","","","","","","",""
"조일장","Z","유영진","T","Attitude","2026-04-10","￦100,000","","","","","","","","","","","","","","","","","","","",""
"조일장","Z","이영웅","T","KnockOut","2026-04-16","￦100,000","","","","","","","","","","","","","","","","","","","",""
"이영웅","T","조일장","Z","Jane doe","2026-04-16","￦100,000","￦100,000","","","","","","","","","","","","","","","","","","",""
"조일장","Z","이영웅","T","Octagon","2026-04-16","￦100,000","","","","","","","","","","","","","","","","","","","",""
"이영웅","T","조일장","Z","Neo Sylphid","2026-04-16","￦100,000","","","","","","","","","","","","","","","","","","","",""
"이영웅","T","조일장","Z","Attitude","2026-04-16","￦100,000","","","","","","","","","","","","","","","","","","","",""
"이영웅","T","조일장","Z","Jane doe","2026-04-16","￦100,000","","","","","","","","","","","","","","","","","","","",""
"이영웅","T","조일장","Z","Octagon","2026-04-16","￦100,000","￦100,000","","","","","","","","","","","","","","","","","","",""
"이영웅","T","조일장","Z","Attitude","2026-04-16","￦100,000","","","","","","","","","","","","","","","","","","","",""
"이영웅","T","조일장","Z","Neo Sylphid","2026-04-16","￦100,000","","","","","","","","","","","","","","","","","","","",""
"김민철","Z","황병영","T","MatchPoint","2026-04-30","￦100,000","","","","","","","","","","","","","","","","","","","",""
"황병영","T","김민철","Z","Pole Star","2026-04-30","￦100,000","","","","","","","","","","","","","","","","","","","",""
"김민철","Z","황병영","T","KnockOut","2026-04-30","￦100,000","","","","","","","","","","","","","","","","","","","",""
"김민철","Z","황병영","T","Jane doe","2026-04-30","￦100,000","￦100,000","","","","","","","","","","","","","","","","","","",""
"김민철","Z","황병영","T","Octagon","2026-04-30","￦100,000","","","","","","","","","","","","","","","","","","","",""
"황병영","T","김민철","Z","Pole Star","2026-04-30","￦100,000","","","","","","","","","","","","","","","","","","","",""
"황병영","T","김민철","Z","MatchPoint","2026-04-30","￦100,000","￦100,000","","","","","","","","","","","","","","","","","","",""
"김민철","Z","황병영","T","KnockOut","2026-04-30","￦100,000","","","","","","","","","","","","","","","","","","","",""
"황병영","T","김민철","Z","Jane doe","2026-04-30","￦100,000","","","","","","","","","","","","","","","","","","","",""
"김민철","Z","김지성","T","Pole Star","2026-05-06","￦100,000","","","","","","","","","","","","","","","","","","","",""
"김민철","Z","김지성","T","Neo Sylphid","2026-05-06","￦100,000","￦100,000","","","","","","","","","","","","","","","","","","",""
"김지성","T","김민철","Z","KnockOut","2026-05-06","￦100,000","","","","","","","","","","","","","","","","","","","",""
"김민철","Z","김지성","T","Octagon","2026-05-06","￦100,000","","","","","","","","","","","","","","","","","","","",""
"김민철","Z","김지성","T","Attitude","2026-05-06","￦100,000","","","","","","","","","","","","","","","","","","","",""
"김지성","T","김민철","Z","Pole Star","2026-05-06","￦100,000","","","","","","","","","","","","","","","","","","","",""
"김지성","T","김민철","Z","Neo Sylphid","2026-05-06","￦100,000","￦100,000","","","","","","","","","","","","","","","","","","",""
"김민철","Z","김지성","T","Octagon","2026-05-06","￦100,000","","","","","","","","","","","","","","","","","","","",""
"김지성","T","김민철","Z","Attitude","2026-05-06","￦100,000","","","","","","","","","","","","","","","","","","","",""
"김민철","Z","장윤철","P","Jane doe","2026-05-13","￦100,000","","","","","","","","","","","","","","","","","","","",""
"장윤철","P","김민철","Z","Neo Sylphid","2026-05-13","￦100,000","","","","","","","","","","","","","","","","","","","",""
"김민철","Z","장윤철","P","Attitude","2026-05-13","￦100,000","","","","","","","","","","","","","","","","","","","",""
"장윤철","P","김민철","Z","Octagon","2026-05-13","￦100,000","","","","","","","","","","","","","","","","","","","",""
"장윤철","P","김민철","Z","KnockOut","2026-05-13","￦100,000","","","","","","","","","","","","","","","","","","","",""
"김민철","Z","장윤철","P","Attitude","2026-05-13","￦100,000","￦100,000","","","","","","","","","","","","","","","","","","",""
"장윤철","P","김민철","Z","Jane doe","2026-05-13","￦100,000","￦100,000","","","","","","","","","","","","","","","","","","",""
"장윤철","P","김민철","Z","Octagon","2026-05-13","￦100,000","","","","","","","","","","","","","","","","","","","",""
"장윤철","P","김민철","Z","Neo Sylphid","2026-05-13","￦100,000","","","","","","","","","","","","","","","","","","","",""
"장윤철","P","이영웅","T","Octagon","2026-05-18","￦100,000","","","","","","","","","","","","","","","","","","","",""
"이영웅","T","장윤철","P","Neo Sylphid","2026-05-18","￦100,000","","","","","","","","","","","","","","","","","","","",""
"이영웅","T","장윤철","P","Jane doe","2026-05-18","￦100,000","","","","","","","","","","","","","","","","","","","",""
"장윤철","P","이영웅","T","KnockOut","2026-05-18","￦100,000","","","","","","","","","","","","","","","","","","","",""
"장윤철","P","이영웅","T","Pole Star","2026-05-18","￦100,000","￦100,000","","","","","","","","","","","","","","","","","","",""
"이영웅","T","장윤철","P","Neo Sylphid","2026-05-18","￦100,000","","","","","","","","","","","","","","","","","","","",""
"장윤철","P","이영웅","T","Jane doe","2026-05-18","￦100,000","￦100,000","","","","","","","","","","","","","","","","","","",""
"장윤철","P","이영웅","T","Octagon","2026-05-18","￦100,000","","","","","","","","","","","","","","","","","","","",""
"장윤철","P","이영웅","T","Pole Star","2026-05-18","￦100,000","","","","","","","","","","","","","","","","","","","",""
"임홍규","Z","장윤철","P","Attitude","2026-05-25","￦100,000","","","","","","","","","","","","","","","","","","","",""
"장윤철","P","임홍규","Z","Jane doe","2026-05-25","￦100,000","","","","","","","","","","","","","","","","","","","",""
"장윤철","P","임홍규","Z","Octagon","2026-05-25","￦100,000","","","","","","","","","","","","","","","","","","","",""
"장윤철","P","임홍규","Z","KnockOut","2026-05-25","￦100,000","","","","","","","","","","","","","","","","","","","",""
"임홍규","Z","장윤철","P","Neo Sylphid","2026-05-25","￦100,000","￦100,000","","","","","","","","","","","","","","","","","","",""
"장윤철","P","임홍규","Z","Jane doe","2026-05-25","￦100,000","￦100,000","","","","","","","","","","","","","","","","","","",""
"임홍규","Z","장윤철","P","Attitude","2026-05-25","￦100,000","","","","","","","","","","","","","","","","","","","",""
"장윤철","P","임홍규","Z","Octagon","2026-05-25","￦100,000","","","","","","","","","","","","","","","","","","","",""
"장윤철","P","임홍규","Z","KnockOut","2026-05-25","￦100,000","","","","","","","","","","","","","","","","","","","",""
"장윤철","P","이재호","T","Pole Star","2026-06-09","￦100,000","","","","","","","","","","","","","","","","","","","",""
"이재호","T","장윤철","P","Neo Sylphid","2026-06-09","￦100,000","","","","","","","","","","","","","","","","","","","",""
"장윤철","P","이재호","T","MatchPoint","2026-06-09","￦100,000","","","","","","","","","","","","","","","","","","","",""
"장윤철","P","이재호","T","Octagon","2026-06-09","￦100,000","","","","","","","","","","","","","","","","","","","",""
"장윤철","P","이재호","T","KnockOut","2026-06-09","￦100,000","","","","","","","","","","","","","","","","","","","",""
"이재호","T","장윤철","P","Pole Star","2026-06-09","￦100,000","￦100,000","","","","","","","","","","","","","","","","","","",""
"장윤철","P","이재호","T","MatchPoint","2026-06-09","￦100,000","￦100,000","","","","","","","","","","","","","","","","","","",""
"이재호","T","장윤철","P","Neo Sylphid","2026-06-09","￦100,000","","","","","","","","","","","","","","","","","","","",""
"이재호","T","장윤철","P","KnockOut","2026-06-09","￦100,000","","","","","","","","","","","","","","","","","","","",""
"장윤철","P","이제동","Z","Attitude","2026-06-12","￦100,000","","","","","","","","","","","","","","","","","","","",""
"이제동","Z","장윤철","P","MatchPoint","2026-06-12","￦100,000","","","","","","","","","","","","","","","","","","","",""
"장윤철","P","이제동","Z","Octagon","2026-06-12","￦100,000","","","","","","","","","","","","","","","","","","","",""
"장윤철","P","이제동","Z","Neo Sylphid","2026-06-12","￦100,000","","","","","","","","","","","","","","","","","","","",""
"장윤철","P","이제동","Z","KnockOut","2026-06-12","￦100,000","","","","","","","","","","","","","","","","","","","",""
"장윤철","P","이제동","Z","MatchPoint","2026-06-12","￦100,000","￦100,000","","","","","","","","","","","","","","","","","","",""
"이제동","Z","장윤철","P","Attitude","2026-06-12","￦100,000","","","","","","","","","","","","","","","","","","","",""
"장윤철","P","이제동","Z","Octagon","2026-06-12","￦100,000","￦100,000","","","","","","","","","","","","","","","","","","",""
"장윤철","P","이제동","Z","Neo Sylphid","2026-06-12","￦100,000","","","","","","","","","","","","","","","","","","","",""
"유영진","T","장윤철","P","Pole Star","2026-06-15","￦100,000","","","","","","","","","","","","","","","","","","","",""
"장윤철","P","유영진","T","MatchPoint","2026-06-15","￦100,000","","","","","","","","","","","","","","","","","","","",""
"장윤철","P","유영진","T","Octagon","2026-06-15","￦100,000","","","","","","","","","","","","","","","","","","","",""
"유영진","T","장윤철","P","KnockOut","2026-06-15","￦100,000","","","","","","","","","","","","","","","","","","","",""
"장윤철","P","유영진","T","Neo Sylphid","2026-06-15","￦100,000","","","","","","","","","","","","","","","","","","","",""
"유영진","T","장윤철","P","Pole Star","2026-06-15","￦100,000","￦100,000","","","","","","","","","","","","","","","","","","",""
"유영진","T","장윤철","P","MatchPoint","2026-06-15","￦100,000","￦100,000","","","","","","","","","","","","","","","","","","",""
"유영진","T","장윤철","P","Octagon","2026-06-15","￦100,000","","","","","","","","","","","","","","","","","","","",""
"장윤철","P","유영진","T","KnockOut","2026-06-15","￦100,000","","","","","","","","","","","","","","","","","","","",""
"도재욱","P","유영진","T","Jane doe","2026-06-25","￦100,000","","","","","","","","","","","","","","","","","","","",""
"도재욱","P","유영진","T","Pole Star","2026-06-25","￦100,000","","","","","","","","","","","","","","","","","","","",""
"도재욱","P","유영진","T","Octagon","2026-06-25","￦100,000","","","","","","","","","","","","","","","","","","","",""
"유영진","T","도재욱","P","KnockOut","2026-06-25","￦100,000","","","","","","","","","","","","","","","","","","","",""
"유영진","T","도재욱","P","Neo Sylphid","2026-06-25","￦100,000","","","","","","","","","","","","","","","","","","","",""
"도재욱","P","유영진","T","Jane doe","2026-06-25","￦100,000","￦100,000","","","","","","","","","","","","","","","","","","",""
"유영진","T","도재욱","P","Pole Star","2026-06-25","￦100,000","￦100,000","","","","","","","","","","","","","","","","","","",""
"유영진","T","도재욱","P","Neo Sylphid","2026-06-25","￦100,000","","","","","","","","","","","","","","","","","","","",""
"유영진","T","도재욱","P","KnockOut","2026-06-25","￦100,000","","","","","","","","","","","","","","","","","","","",""
"김민철","Z","유영진","T","MatchPoint","2026-06-30","￦100,000","","","","","","","","","","","","","","","","","","","",""
"김민철","Z","유영진","T","Attitude","2026-06-30","￦100,000","","","","","","","","","","","","","","","","","","","",""
"김민철","Z","유영진","T","Octagon","2026-06-30","￦100,000","","","","","","","","","","","","","","","","","","","",""
"유영진","T","김민철","Z","Neo Sylphid","2026-06-30","￦100,000","","","","","","","","","","","","","","","","","","","",""
"김민철","Z","유영진","T","KnockOut","2026-06-30","￦100,000","","","","","","","","","","","","","","","","","","","",""
"유영진","T","김민철","Z","Attitude","2026-06-30","￦100,000","","","","","","","","","","","","","","","","","","","",""
"유영진","T","김민철","Z","MatchPoint","2026-06-30","￦100,000","￦100,000","","","","","","","","","","","","","","","","","","",""
"유영진","T","김민철","Z","KnockOut","2026-06-30","￦100,000","","","","","","","","","","","","","","","","","","","",""
"유영진","T","김민철","Z","Octagon","2026-06-30","￦100,000","￦100,000","","","","","","","","","","","","","","","","","","",""
"유영진","T","변현제","P","Neo Sylphid","2026-07-06","￦100,000","","","","","","","","","","","","","","","","","","","",""
"변현제","P","유영진","T","MatchPoint","2026-07-06","￦100,000","￦100,000","","","","","","","","","","","","","","","","","","",""
"유영진","T","변현제","P","Pole Star","2026-07-06","￦100,000","￦100,000","","","","","","","","","","","","","","","","","","",""
"변현제","P","유영진","T","KnockOut","2026-07-06","￦100,000","","","","","","","","","","","","","","","","","","","",""
"변현제","P","유영진","T","Octagon","2026-07-06","￦100,000","","","","","","","","","","","","","","","","","","","",""
"유영진","T","변현제","P","Pole Star","2026-07-06","￦100,000","","","","","","","","","","","","","","","","","","","",""
"유영진","T","변현제","P","MatchPoint","2026-07-06","￦100,000","","","","","","","","","","","","","","","","","","","",""
"유영진","T","변현제","P","KnockOut","2026-07-06","￦100,000","","","","","","","","","","","","","","","","","","","",""
"유영진","T","변현제","P","Octagon","2026-07-06","￦100,000","","","","","","","","","","","","","","","","","","","",""
"박상현","Z","유영진","T","Neo Sylphid","2026-07-13","￦100,000","","","","","","","","","","","","","","","","","","","",""
"유영진","T","박상현","Z","Pole Star","2026-07-13","￦100,000","","","","","","","","","","","","","","","","","","","",""
"유영진","T","박상현","Z","Attitude","2026-07-13","￦100,000","","","","","","","","","","","","","","","","","","","",""
"유영진","T","박상현","Z","Octagon","2026-07-13","￦100,000","","","","","","","","","","","","","","","","","","","",""
"박상현","Z","유영진","T","KnockOut","2026-07-13","￦100,000","￦100,000","","","","","","","","","","","","","","","","","","",""
"유영진","T","박상현","Z","Pole Star","2026-07-13","￦100,000","","","","","","","","","","","","","","","","","","","",""
"박상현","Z","유영진","T","Neo Sylphid","2026-07-13","￦100,000","","","","","","","","","","","","","","","","","","","",""
"박상현","Z","유영진","T","Octagon","2026-07-13","￦100,000","￦100,000","","","","","","","","","","","","","","","","","","",""
"유영진","T","박상현","Z","Attitude","2026-07-13","￦100,000","","","","","","","","","","","","","","","","","","","",""
"조일장","Z","유영진","T","Octagon","2026-07-16","￦100,000","","","","","","","","","","","","","","","","","","","",""
"조일장","Z","유영진","T","Attitude","2026-07-16","￦100,000","","","","","","","","","","","","","","","","","","","",""
"조일장","Z","유영진","T","KnockOut","2026-07-16","￦100,000","","","","","","","","","","","","","","","","","","","",""
"유영진","T","조일장","Z","Aiolos","2026-07-16","￦100,000","","","","","","","","","","","","","","","","","","","",""
"유영진","T","조일장","Z","Odyssey","2026-07-16","￦100,000","","","","","","","","","","","","","","","","","","","",""
"조일장","Z","유영진","T","Attitude","2026-07-16","￦100,000","￦100,000","","","","","","","","","","","","","","","","","","",""
"유영진","T","조일장","Z","Odyssey","2026-07-16","￦100,000","￦100,000","","","","","","","","","","","","","","","","","","",""
"유영진","T","조일장","Z","Octagon","2026-07-16","￦100,000","","","","","","","","","","","","","","","","","","","",""
"조일장","Z","유영진","T","KnockOut","2026-07-16","￦100,000","","","","","","","","","","","","","","","","","","","",""
"이영웅","T","장윤철","P","Colorless Fate","2026-07-20","￦100,000","","","","","","","","","","","","","","","","","","","",""
"장윤철","P","이영웅","T","Octagon","2026-07-20","￦100,000","","","","","","","","","","","","","","","","","","","",""
"이영웅","T","장윤철","P","Aiolos","2026-07-20","￦100,000","","","","","","","","","","","","","","","","","","","",""
"이영웅","T","장윤철","P","KnockOut","2026-07-20","￦100,000","","","","","","","","","","","","","","","","","","","",""
"장윤철","P","이영웅","T","Backrooms","2026-07-20","￦100,000","","","","","","","","","","","","","","","","","","","",""
"장윤철","P","이영웅","T","Aiolos","2026-07-20","￦100,000","","","","","","","","","","","","","","","","","","","",""
"장윤철","P","이영웅","T","Octagon","2026-07-20","￦100,000","","","","","","","","","","","","","","","","","","","",""
"장윤철","P","이영웅","T","KnockOut","2026-07-20","￦100,000","￦100,000","","","","","","","","","","","","","","","","","","",""
"이영웅","T","장윤철","P","Backrooms","2026-07-20","￦100,000","￦100,000","","","","","","","","","","","","","","","","","","",""
"장윤철","P","조일장","Z","Colorless Fate","2026-07-27","￦100,000","","","","","","","","","","","","","","","","","","","",""
"조일장","Z","장윤철","P","Octagon","2026-07-27","￦100,000","","","","","","","","","","","","","","","","","","","",""
"장윤철","P","조일장","Z","Aiolos","2026-07-27","￦100,000","","","","","","","","","","","","","","","","","","","",""
"조일장","Z","장윤철","P","Backrooms","2026-07-27","￦100,000","","","","","","","","","","","","","","","","","","","",""
"장윤철","P","조일장","Z","KnockOut","2026-07-27","￦100,000","","","","","","","","","","","","","","","","","","","",""
"장윤철","P","조일장","Z","Backrooms","2026-07-27","￦100,000","￦100,000","","","","","","","","","","","","","","","","","","",""
"조일장","Z","장윤철","P","Octagon","2026-07-27","￦100,000","","","","","","","","","","","","","","","","","","","",""
"조일장","Z","장윤철","P","Colorless Fate","2026-07-27","￦100,000","￦100,000","","","","","","","","","","","","","","","","","","",""
"조일장","Z","장윤철","P","Aiolos","2026-07-27","￦100,000","","","","","","","","","","","","","","","","","","","",""
"조일장","Z","김지성","T","Octagon","2026-07-29","￦100,000","","","","","","","","","","","","","","","","","","","",""
"김지성","T","조일장","Z","Backrooms","2026-07-29","￦100,000","","","","","","","","","","","","","","","","","","","",""
"조일장","Z","김지성","T","Attitude","2026-07-29","￦100,000","","","","","","","","","","","","","","","","","","","",""
"김지성","T","조일장","Z","Aiolos","2026-07-29","￦100,000","","","","","","","","","","","","","","","","","","","",""
"김지성","T","조일장","Z","KnockOut","2026-07-29","￦100,000","","","","","","","","","","","","","","","","","","","",""
"김지성","T","조일장","Z","Octagon","2026-07-29","￦100,000","￦100,000","","","","","","","","","","","","","","","","","","",""
"조일장","Z","김지성","T","Attitude","2026-07-29","￦100,000","￦100,000","","","","","","","","","","","","","","","","","","",""
"김지성","T","조일장","Z","Backrooms","2026-07-29","￦100,000","","","","","","","","","","","","","","","","","","","",""
"김지성","T","조일장","Z","KnockOut","2026-07-29","￦100,000","","","","","","","","","","","","","","","","","","","",""
"김지성","T","이제동","Z","KnockOut","2026-08-03","￦100,000","","","","","","","","","","","","","","","","","","","",""
"이제동","Z","김지성","T","Attitude","2026-08-03","￦100,000","","","","","","","","","","","","","","","","","","","",""
"이제동","Z","김지성","T","Backrooms","2026-08-03","￦100,000","","","","","","","","","","","","","","","","","","","",""
"김지성","T","이제동","Z","Aiolos","2026-08-03","￦100,000","","","","","","","","","","","","","","","","","","","",""
"김지성","T","이제동","Z","Octagon","2026-08-03","￦100,000","","","","","","","","","","","","","","","","","","","",""
"이제동","Z","김지성","T","Attitude","2026-08-03","￦100,000","￦100,000","","","","","","","","","","","","","","","","","","",""
"김지성","T","이제동","Z","Backrooms","2026-08-03","￦100,000","￦100,000","","","","","","","","","","","","","","","","","","",""
"김지성","T","이제동","Z","KnockOut","2026-08-03","￦100,000","","","","","","","","","","","","","","","","","","","",""
"김지성","T","이제동","Z","Octagon","2026-08-03","￦100,000","","","","","","","","","","","","","","","","","","","",""
"김택용","P","김지성","T","Aiolos","2026-08-12","￦100,000","","","","","","","","","","","","","","","","","","","",""
"김지성","T","김택용","P","Attitude","2026-08-12","￦100,000","￦100,000","","","","","","","","","","","","","","","","","","",""
"김지성","T","김택용","P","KnockOut","2026-08-12","￦100,000","","","","","","","","","","","","","","","","","","","",""
"김지성","T","김택용","P","Octagon","2026-08-12","￦100,000","","","","","","","","","","","","","","","","","","","",""
"김택용","P","김지성","T","Backrooms","2026-08-12","￦100,000","","","","","","","","","","","","","","","","","","","",""
"김지성","T","김택용","P","Attitude","2026-08-12","￦100,000","","","","","","","","","","","","","","","","","","","",""
"김지성","T","김택용","P","Aiolos","2026-08-12","￦100,000","￦100,000","","","","","","","","","","","","","","","","","","",""
"김택용","P","김지성","T","KnockOut","2026-08-12","￦100,000","","","","","","","","","","","","","","","","","","","",""
"김택용","P","김지성","T","Octagon","2026-08-12","￦100,000","","","","","","","","","","","","","","","","","","","",""
"김지성","T","김명운","Z","Octagon","2026-08-20","￦100,000","","","","","","","","","","","","","","","","","","","",""